id,ASVM,GSVM,walking_nonwalking,normal_abnormal,ax,ay,az,gx,gy,gz
1,0.9084,0.6213,0,1,0.596832275390625,0.779693603515625,-0.0496063232421875,-0.6626408100128174,-0.138824462890625,-0.20142099261283875
2,0.9259,0.5664,0,1,0.58074951171875,0.864593505859375,-0.1588592529296875,-0.6707578897476196,-0.48167261481285095,-0.2406941056251526
3,0.9476,0.52,0,1,0.6011962890625,0.8334503173828125,-0.1045379638671875,-0.5791166424751282,-0.2910563349723816,-0.2773096263408661
4,0.9698,0.4812,0,1,0.635589599609375,0.7887420654296875,0.020416259765625,-0.4221501648426056,-0.08848273009061813,-0.24872326850891113
5,0.9898,0.4492,0,1,0.6631011962890625,0.7603912353515625,0.094085693359375,-0.26077938079833984,-0.14843794703483582,-0.16056011617183685
6,1.0056,0.4233,0,1,0.6526031494140625,0.744354248046875,0.1125640869140625,-0.16872456669807434,-0.2356753796339035,-0.08851069211959839
7,1.0163,0.403,0,1,0.635223388671875,0.735443115234375,0.089080810546875,-0.16940420866012573,-0.09439707547426224,-0.03388765826821327
8,1.0219,0.3873,0,1,0.6282196044921875,0.7534027099609375,0.057159423828125,-0.23666714131832123,0.22669333219528198,-0.022311164066195488
9,1.023,0.3754,0,1,0.6197509765625,0.773712158203125,0.0382537841796875,-0.31543731689453125,0.4347887337207794,-0.018082331866025925
10,1.0206,0.3663,0,1,0.5984649658203125,0.7873382568359375,0.0425262451171875,-0.31122127175331116,0.27246055006980896,-0.061099305748939514
11,1.016,0.3588,0,1,0.602294921875,0.8139495849609375,0.0455780029296875,-0.2449658066034317,-0.09838222712278366,-0.07902318239212036
12,1.0102,0.3519,0,1,0.617523193359375,0.7965240478515625,0.073333740234375,-0.1692737191915512,-0.35000380873680115,-0.04488465189933777
13,1.0045,0.3449,0,1,0.631378173828125,0.7703704833984375,0.1046295166015625,-0.12437707930803299,-0.37464043498039246,-0.029987726360559464
14,0.9995,0.3375,0,1,0.64459228515625,0.762298583984375,0.1230316162109375,-0.13500149548053741,-0.24588699638843536,-0.0018184063956141472
15,0.9959,0.3297,0,1,0.6308135986328125,0.75347900390625,0.1179656982421875,-0.18444254994392395,-0.03385703265666962,0.022962840273976326
16,0.9936,0.3223,0,1,0.6170196533203125,0.7574615478515625,0.0918121337890625,-0.23633503913879395,0.25041571259498596,0.03135712444782257
17,0.9926,0.3166,0,1,0.6063232421875,0.7754669189453125,0.048858642578125,-0.24000807106494904,0.46444064378738403,0.01691053993999958
18,0.9926,0.3143,0,1,0.599212646484375,0.78668212890625,0.0065155029296875,-0.16340357065200806,0.4909915626049042,0.0024314660113304853
19,0.9929,0.3177,0,1,0.633331298828125,0.7569427490234375,-0.026641845703125,0.012245480902493,0.30332818627357483,-0.03255421295762062
20,0.9931,0.3291,0,1,0.69573974609375,0.72613525390625,0.02191162109375,0.2045467495918274,0.0670490711927414,-0.017739849165081978
21,0.9926,0.3503,0,1,0.712554931640625,0.713714599609375,0.1197509765625,0.26933425664901733,-0.16301928460597992,0.00914343073964119
22,0.9911,0.3826,0,1,0.70184326171875,0.7125701904296875,0.16387939453125,0.21181824803352356,-0.3598194122314453,0.020499149337410927
23,0.9883,0.4262,0,1,0.6765899658203125,0.7146759033203125,0.168853759765625,0.03983503207564354,-0.3773134648799896,-0.004293015692383051
24,0.9846,0.4799,0,1,0.6432952880859375,0.71575927734375,0.1613311767578125,-0.1815365105867386,-0.23039565980434418,-0.03927310183644295
25,0.9801,0.5411,0,1,0.618133544921875,0.73956298828125,0.1593017578125,-0.4030883312225342,-0.04005340859293938,-0.0871194526553154
26,0.9754,0.6057,0,1,0.58685302734375,0.765716552734375,0.150665283203125,-0.5605677366256714,0.06135869771242142,-0.1563137024641037
27,0.9712,0.6687,0,1,0.56854248046875,0.7928466796875,0.137237548828125,-0.6571725606918335,0.11415693163871765,-0.21324783563613892
28,0.9682,0.7248,0,1,0.53955078125,0.8093109130859375,0.108001708984375,-0.7059717774391174,0.15713049471378326,-0.2546738386154175
29,0.9671,0.7685,0,1,0.5143585205078125,0.8119964599609375,0.083404541015625,-0.7023234963417053,0.10917335748672485,-0.3320184350013733
30,0.9684,0.7954,0,1,0.5076141357421875,0.806060791015625,0.0628662109375,-0.6788413524627686,-0.037646979093551636,-0.4349234998226166
31,0.9724,0.8025,0,1,0.525177001953125,0.7957916259765625,0.039215087890625,-0.6574891805648804,-0.1520521193742752,-0.5292723774909973
32,0.9789,0.7887,0,1,0.559295654296875,0.7693023681640625,0.0357666015625,-0.6424385905265808,-0.1970187872648239,-0.5986669063568115
33,0.9878,0.755,0,1,0.5982666015625,0.7440185546875,0.04766845703125,-0.5959262251853943,-0.22895382344722748,-0.6168949007987976
34,0.9983,0.7049,0,1,0.6495361328125,0.737823486328125,0.0528717041015625,-0.5219675898551941,-0.2143802046775818,-0.5764873027801514
35,1.0097,0.6436,0,1,0.7042083740234375,0.7330474853515625,0.0739898681640625,-0.4194212257862091,-0.1763470619916916,-0.5171419382095337
36,1.021,0.5782,0,1,0.7378692626953125,0.7198944091796875,0.1012115478515625,-0.3211604356765747,-0.21553122997283936,-0.42079490423202515
37,1.0313,0.5163,0,1,0.73114013671875,0.7276763916015625,0.1174163818359375,-0.27578550577163696,-0.19970938563346863,-0.26045021414756775
38,1.0399,0.4658,0,1,0.7111053466796875,0.7633819580078125,0.10595703125,-0.26214799284935,0.0010516822803765535,-0.13116733729839325
39,1.0465,0.434,0,1,0.7266387939453125,0.82904052734375,0.0802764892578125,-0.2821352779865265,0.2417156845331192,-0.01822640746831894
40,1.0509,0.4268,0,1,0.73382568359375,0.8165130615234375,0.048797607421875,-0.23998063802719116,0.1874585747718811,0.0947297066450119
41,1.0534,0.4483,0,1,0.73040771484375,0.746002197265625,-0.0092926025390625,-0.03296194598078728,0.009869675152003765,0.2114906758069992
42,1.0546,0.5009,0,1,0.733123779296875,0.6941986083984375,-0.044708251953125,0.28153207898139954,-0.02930569089949131,0.28887975215911865
43,1.0554,0.585,0,1,0.7612762451171875,0.7022247314453125,-0.0479736328125,0.6098737120628357,0.13870728015899658,0.4488190710544586
44,1.0566,0.6993,0,1,0.743621826171875,0.7222747802734375,-0.010894775390625,0.8972253799438477,0.3002018928527832,0.5638652443885803
45,1.0591,0.8405,0,1,0.7201690673828125,0.768951416015625,0.064697265625,1.0314351320266724,0.5462196469306946,0.601764440536499
46,1.0637,1.0043,0,1,0.6778411865234375,0.81982421875,0.160369873046875,0.9464115500450134,0.6690001487731934,0.6091653108596802
47,1.0708,1.1842,0,1,0.6435394287109375,0.860595703125,0.1949462890625,0.7174968719482422,0.4695379436016083,0.5461605191230774
48,1.0806,1.3722,0,1,0.6498870849609375,0.9081573486328125,0.1208343505859375,0.4971437156200409,0.07534215599298477,0.4456344544887543
49,1.0927,1.5582,0,1,0.736846923828125,0.8535003662109375,-0.0716552734375,0.5236421823501587,-0.3155430555343628,0.4317665994167328
50,1.1063,1.731,0,1,0.7872467041015625,0.7388153076171875,-0.18890380859375,0.9404346346855164,-0.690609872341156,0.5710163712501526
51,1.1204,1.8781,0,1,0.7820281982421875,0.6714324951171875,-0.2064361572265625,1.4491801261901855,-0.7247998118400574,0.7786630392074585
52,1.133,1.9883,0,1,0.81292724609375,0.631011962890625,-0.295989990234375,2.041062593460083,-0.9517937898635864,1.0280296802520752
53,1.1422,2.0521,0,1,0.732513427734375,0.649139404296875,-0.2689971923828125,2.3564016819000244,-1.3717210292816162,1.1210888624191284
54,1.1459,2.0641,0,1,0.596343994140625,0.802886962890625,-0.139373779296875,1.924881935119629,-1.6261029243469238,0.8916335105895996
55,1.1419,2.0233,0,1,0.5254974365234375,0.9305267333984375,-0.120697021484375,1.486716628074646,-1.515652060508728,0.8293413519859314
56,1.1291,1.9336,0,1,0.4639434814453125,1.146484375,-0.109527587890625,1.3046104907989502,-0.7868168354034424,0.5575892329216003
57,1.107,1.8035,0,1,0.4496002197265625,1.312347412109375,-0.10009765625,1.3332282304763794,-0.2711225748062134,0.14285115897655487
58,1.0766,1.6445,0,1,0.543975830078125,1.291015625,-0.1501007080078125,1.5236327648162842,-0.1858002245426178,-0.020667195320129395
59,1.04,1.4702,0,1,0.600341796875,0.981597900390625,-0.0859222412109375,1.6015350818634033,-0.43413281440734863,0.24648354947566986
60,1.0007,1.2941,0,1,0.540863037109375,0.695953369140625,0.0561065673828125,1.3186596632003784,-0.43849506974220276,0.2923026978969574
61,0.9627,1.1289,0,1,0.53570556640625,0.565948486328125,0.1352691650390625,0.7966622710227966,-0.3946908712387085,0.024867266416549683
62,0.9299,0.9847,0,1,0.6507720947265625,0.4992828369140625,0.0693206787109375,0.266294002532959,-0.5585287809371948,-0.1750362664461136
63,0.9057,0.8686,0,1,0.766357421875,0.449249267578125,-0.1087188720703125,-0.09329426288604736,-0.7886719703674316,-0.14652127027511597
64,0.8924,0.7836,0,1,0.682525634765625,0.44586181640625,-0.23150634765625,-0.2706298828125,-0.5220895409584045,-0.1448754221200943
65,0.8904,0.7293,0,1,0.5515899658203125,0.5106658935546875,-0.1868743896484375,-0.40968790650367737,-0.06569992005825043,-0.2395220398902893
66,0.8988,0.7022,0,1,0.4633941650390625,0.5967864990234375,-0.112762451171875,-0.653032124042511,-0.012460663914680481,-0.32794538140296936
67,0.9149,0.6966,0,1,0.4568634033203125,0.64874267578125,-0.1076202392578125,-0.9154978394508362,-0.1844201683998108,-0.3789268136024475
68,0.9349,0.7056,0,1,0.525543212890625,0.6930999755859375,-0.1653289794921875,-1.0503782033920288,-0.3135454058647156,-0.3220217227935791
69,0.9549,0.7226,0,1,0.6012725830078125,0.7080230712890625,-0.2983551025390625,-0.8949848413467407,-0.17759288847446442,-0.19103467464447021
70,0.9707,0.7418,0,1,0.6287994384765625,0.7010650634765625,-0.3728179931640625,-0.4810984432697296,0.01889858953654766,-0.060268402099609375
71,0.9796,0.7594,0,1,0.705078125,0.7630767822265625,-0.6181182861328125,0.0065415226854383945,0.10390961915254593,0.05808167904615402
72,0.9804,0.7737,0,1,0.9408111572265625,0.7540283203125,-0.94915771484375,0.6037548780441284,0.4125675857067108,0.3788919150829315
73,0.9736,0.7855,0,1,0.899444580078125,0.5800323486328125,-0.6757659912109375,0.8840783834457397,1.0897679328918457,0.6701975464820862
74,0.9615,0.798,0,1,0.6078643798828125,0.480194091796875,-0.141876220703125,0.4941934645175934,1.2064849138259888,0.397981733083725
75,0.9477,0.8159,0,1,0.446929931640625,0.3931121826171875,0.143768310546875,-0.12209688127040863,0.7167200446128845,-0.03217205032706261
76,0.9365,0.8453,0,1,0.505950927734375,0.3766937255859375,0.0892486572265625,-0.5382962226867676,0.10967615991830826,-0.15646976232528687
77,0.9317,0.8918,0,1,0.68817138671875,0.306396484375,-0.1929473876953125,-0.5499864220619202,-0.3309459686279297,0.05955919995903969
78,0.9365,0.96,0,1,0.5908355712890625,0.3565673828125,-0.4368743896484375,-0.003087935270741582,-0.7657967805862427,0.018377408385276794
79,0.9529,1.0518,0,1,0.6764373779296875,0.5166168212890625,-0.4492950439453125,0.27415353059768677,-0.9115752577781677,0.013877732679247856
80,0.9813,1.1661,0,1,0.8355865478515625,0.6182403564453125,-0.7129364013671875,0.6208257079124451,-0.771004855632782,0.30566591024398804
81,1.0212,1.2985,0,1,0.9330902099609375,0.720916748046875,-0.907928466796875,1.286203145980835,-0.38525688648223877,0.7059184908866882
82,1.0707,1.4415,0,1,0.47442626953125,0.760986328125,-0.006072998046875,0.36069348454475403,0.3599192798137665,0.40675097703933716
83,1.1268,1.5854,0,1,0.276947021484375,0.7225189208984375,0.2213134765625,-0.9420381188392639,0.6989396810531616,-0.1598125696182251
84,1.1861,1.7195,0,1,0.2924957275390625,0.780792236328125,0.264312744140625,-1.5504963397979736,0.918120801448822,-0.7407500147819519
85,1.2444,1.8336,0,1,0.489990234375,1.0145721435546875,0.342864990234375,-1.9385937452316284,0.7481064200401306,-1.2234889268875122
86,1.2973,1.9194,0,1,0.8600616455078125,1.3536834716796875,0.3997955322265625,-2.30190372467041,0.3465915024280548,-1.206096887588501
87,1.3407,1.972,0,1,1.125701904296875,1.4147796630859375,0.3201141357421875,-2.3604490756988525,-0.33481794595718384,-0.6971948146820068
88,1.371,1.9903,0,1,0.9654388427734375,0.82965087890625,-0.7499542236328125,-1.0595101118087769,-1.5263473987579346,0.05131485313177109
89,1.3853,1.9768,0,1,0.495819091796875,0.759490966796875,-0.0613555908203125,0.4846143424510956,-2.05495548248291,0.005703425966203213
90,1.3821,1.9371,0,1,0.4637451171875,0.9577789306640625,0.1275177001953125,-0.07446704059839249,-1.2758152484893799,-0.2596616744995117
91,1.3604,1.8788,0,1,0.5284881591796875,1.15692138671875,0.091705322265625,-0.9145673513412476,0.12720775604248047,-0.48945704102516174
92,1.3209,1.8099,0,1,0.56829833984375,1.285797119140625,0.0372772216796875,-1.4966381788253784,1.6427056789398193,-0.7325471639633179
93,1.265,1.7381,0,1,0.7794342041015625,1.3156890869140625,-0.02447509765625,-1.4159497022628784,2.085223436355591,-0.7079965472221375
94,1.1959,1.6694,0,1,0.935821533203125,1.1211700439453125,0.048248291015625,-0.9473777413368225,1.3545457124710083,-0.25723686814308167
95,1.118,1.6074,0,1,0.811920166015625,0.90264892578125,0.1501007080078125,-0.5785749554634094,0.330253005027771,-0.08050362765789032
96,1.0367,1.5533,0,1,0.545166015625,0.716705322265625,0.1630859375,-0.5570560693740845,-0.4457487165927887,-0.58145672082901
97,0.958,1.5053,0,1,0.4912872314453125,0.6960601806640625,-0.0011138916015625,-0.8501643538475037,-0.430484801530838,-0.9303425550460815
98,0.8882,1.4593,0,1,0.48333740234375,0.6813201904296875,-0.0167236328125,-1.3022806644439697,0.11438915878534317,-0.950328528881073
99,0.8329,1.4101,0,1,0.5097198486328125,0.654449462890625,0.0098114013671875,-1.475365161895752,0.2156585156917572,-0.9383621215820312
100,0.7967,1.3527,0,1,0.517669677734375,0.6152191162109375,0.001556396484375,-1.3962149620056152,0.08889498561620712,-0.8593258857727051
101,0.7825,1.2833,0,1,0.510406494140625,0.5836639404296875,-0.03570556640625,-1.2145297527313232,0.16473329067230225,-0.6851322650909424
102,0.7913,1.2011,0,1,0.497528076171875,0.5654754638671875,-0.071533203125,-1.0399616956710815,0.5258219838142395,-0.47327300906181335
103,0.8218,1.1081,0,1,0.4844970703125,0.5600433349609375,-0.0830230712890625,-0.8759171366691589,0.9190307855606079,-0.30667391419410706
104,0.8708,1.0101,0,1,0.4845733642578125,0.5698394775390625,-0.0841522216796875,-0.6998225450515747,1.0802230834960938,-0.18104249238967896
105,0.9333,0.9155,0,1,0.44403076171875,0.6243896484375,-0.1593780517578125,-0.5163813233375549,0.9648171663284302,-0.19317930936813354
106,1.0029,0.8348,0,1,0.636810302734375,0.714569091796875,-0.3007659912109375,-0.13827238976955414,0.7823424339294434,-0.32804712653160095
107,1.0726,0.779,0,1,0.85931396484375,0.750030517578125,-0.0747528076171875,0.20880994200706482,0.26400235295295715,-0.232631653547287
108,1.1357,0.7581,0,1,0.9516754150390625,0.7222442626953125,0.103363037109375,0.29451313614845276,-0.38690537214279175,-0.012748019769787788
109,1.1863,0.7794,0,1,0.8467864990234375,0.6190032958984375,0.0981292724609375,0.2436230480670929,-0.6198691129684448,0.03946991264820099
110,1.2205,0.8464,0,1,1.1105804443359375,0.9419097900390625,0.2078704833984375,0.11293294280767441,-0.6919332146644592,0.26936277747154236
111,1.2362,0.9579,0,1,1.11810302734375,1.061126708984375,0.233062744140625,-0.04155915975570679,-0.9844492077827454,0.6404484510421753
112,1.2342,1.108,0,1,0.9270172119140625,1.07720947265625,0.1146697998046875,-0.27310824394226074,-0.4474209249019623,0.7356926798820496
113,1.2172,1.2858,0,1,0.7322845458984375,1.0703582763671875,0.0303497314453125,-0.4645780622959137,0.7250066995620728,0.605664849281311
114,1.1896,1.4772,0,1,0.4284820556640625,1.00506591796875,-0.3354949951171875,0.15419809520244598,0.37701892852783203,0.2490076869726181
115,1.1567,1.6656,0,1,0.4738616943359375,0.895782470703125,-0.2528533935546875,1.2841789722442627,-1.4031516313552856,0.18194103240966797
116,1.1237,1.834,0,1,0.401611328125,0.820770263671875,-0.16534423828125,1.784249186515808,-1.9252725839614868,0.3326277434825897
117,1.0948,1.9673,0,1,0.3327789306640625,0.7231292724609375,-0.2505950927734375,1.7537847757339478,-1.1482770442962646,0.4723488986492157
118,1.0724,2.0539,0,1,0.3176116943359375,0.6808013916015625,-0.2338104248046875,1.7937159538269043,-0.5313368439674377,0.5811156034469604
119,1.0572,2.0874,0,1,0.360626220703125,0.727294921875,-0.0630035400390625,2.0561535358428955,-0.7135588526725769,0.653170108795166
120,1.0478,2.0676,0,1,0.4354705810546875,0.87255859375,0.0951385498046875,2.1695010662078857,-0.9998776912689209,0.6882463097572327
121,1.0419,2,0,1,0.586761474609375,1.056121826171875,0.2074432373046875,2.0312159061431885,-0.9233802556991577,0.7401244044303894
122,1.0365,1.896,0,1,0.753173828125,1.172576904296875,0.2464752197265625,1.6840938329696655,-0.608279287815094,0.8965585231781006
123,1.0291,1.7703,0,1,0.807342529296875,1.1551971435546875,0.116455078125,1.3501323461532593,-0.18073782324790955,0.9858607053756714
124,1.0181,1.6402,0,1,0.705963134765625,0.9447479248046875,0.0268096923828125,1.270921230316162,0.2982892096042633,0.9196568727493286
125,1.0034,1.5219,0,1,0.58160400390625,0.77899169921875,0.0509185791015625,1.1093429327011108,0.40553364157676697,0.8261663317680359
126,0.9862,1.4294,0,1,0.5258026123046875,0.70941162109375,0.0666656494140625,0.8231335282325745,0.17794975638389587,0.6333492398262024
127,0.9685,1.3719,0,1,0.5531005859375,0.6991424560546875,0.090728759765625,0.2737646996974945,-0.44759029150009155,0.4347221553325653
128,0.953,1.3528,0,1,0.56231689453125,0.6887054443359375,0.0212249755859375,-0.40022170543670654,-0.8590798377990723,0.25946298241615295
129,0.9418,1.3697,0,1,0.57354736328125,0.67718505859375,-0.0057373046875,-0.9727310538291931,-0.6662901639938354,0.10415835678577423
130,0.9365,1.4143,0,1,0.5605621337890625,0.626922607421875,-0.010894775390625,-1.3809694051742554,-0.23845385015010834,0.09129822254180908
131,0.9375,1.4744,0,1,0.4961090087890625,0.58038330078125,0.045257568359375,-1.6287235021591187,-0.06724721193313599,0.05034439638257027
132,0.9437,1.5358,0,1,0.4933013916015625,0.5853271484375,0.0314788818359375,-1.7527070045471191,-0.39433613419532776,-0.013511814177036285
133,0.9533,1.5846,0,1,0.47357177734375,0.637542724609375,-0.01531982421875,-1.6536693572998047,-0.7664204835891724,-0.14396142959594727
134,0.9635,1.609,0,1,0.5312957763671875,0.7108001708984375,-0.085693359375,-1.531254768371582,-1.1783018112182617,-0.19575858116149902
135,0.9716,1.6012,0,1,0.76739501953125,0.7722320556640625,-0.4255218505859375,-1.0641357898712158,-1.799271583557129,0.08566989749670029
136,0.9755,1.5583,0,1,0.9323883056640625,0.827545166015625,-0.5635223388671875,-0.47781264781951904,-1.8677244186401367,0.5473291277885437
137,0.9744,1.4824,0,1,1.00885009765625,0.8181915283203125,-0.564849853515625,-0.12344949692487717,-0.8148849606513977,0.9595401287078857
138,0.9689,1.3801,0,1,0.8692169189453125,0.73626708984375,-0.3489532470703125,0.021679462864995003,0.3879823684692383,1.0953019857406616
139,0.9611,1.261,0,1,0.6940155029296875,0.5663604736328125,-0.1721954345703125,0.004064516630023718,0.8627544641494751,0.9697453379631042
140,0.9539,1.137,0,1,0.477142333984375,0.4480743408203125,-0.14959716796875,0.06088785082101822,0.5330274105072021,0.5974135994911194
141,0.9505,1.0199,0,1,0.317413330078125,0.4707183837890625,-0.1060028076171875,0.02081340178847313,0.022040320560336113,-0.0522400364279747
142,0.9538,0.9211,0,1,0.2867431640625,0.620208740234375,-0.0521087646484375,-0.2349824160337448,-0.39535611867904663,-0.4766499102115631
143,0.9655,0.8503,0,1,0.3520660400390625,0.695343017578125,-0.03173828125,-0.47246527671813965,-0.6777582764625549,-0.8100124001502991
144,0.9863,0.8151,0,1,0.4680938720703125,0.7692718505859375,-0.0869903564453125,-0.642578661441803,-1.0163486003875732,-0.9831956624984741
145,1.0156,0.8213,0,1,0.711029052734375,0.7889556884765625,-0.3510589599609375,-0.6752926707267761,-1.1080193519592285,-0.8871601819992065
146,1.0523,0.8724,0,1,1.1098175048828125,0.761962890625,-0.69281005859375,-0.3496466875076294,-0.7053925395011902,-0.5454457402229309
147,1.0946,0.9694,0,1,1.4267425537109375,0.77276611328125,-0.6760406494140625,0.2708626687526703,-0.3520733416080475,0.14311587810516357
148,1.1408,1.1107,0,1,1.0451202392578125,0.581695556640625,-0.32293701171875,0.4128253757953644,0.282731294631958,0.6846470236778259
149,1.189,1.2914,0,1,0.4734649658203125,0.4013671875,-0.0430755615234375,0.06967628002166748,0.4652470350265503,0.6419304609298706
150,1.2375,1.5035,0,1,0.3027191162109375,0.3797454833984375,0.024505615234375,-0.23043213784694672,-0.10297059267759323,0.6257062554359436
151,1.2842,1.7363,0,1,-0.04595947265625,0.372711181640625,-0.812744140625,0.6726106405258179,-2.6829633712768555,0.385949045419693
152,1.3272,1.977,0,1,-0.0816802978515625,0.9618377685546875,-2.2150115966796875,1.550462245941162,-1.1275861263275146,-0.05560653656721115
153,1.3643,2.2121,0,1,0.6166534423828125,0.8342437744140625,0.5470123291015625,-0.695095419883728,2.1596593856811523,0.4149252772331238
154,1.3941,2.4285,0,1,0.7276763916015625,1.038818359375,0.8854827880859375,-1.322860836982727,-1.069205403327942,-0.2218668907880783
155,1.4154,2.6144,0,1,0.87884521484375,1.132415771484375,0.729736328125,-1.5712813138961792,-3.057204484939575,-0.8213673233985901
156,1.4275,2.7611,0,1,1.1202239990234375,1.0793609619140625,0.5549468994140625,-1.8062047958374023,-2.51784610748291,-0.5530844926834106
157,1.4303,2.8625,0,1,0.97650146484375,0.8043365478515625,0.3394927978515625,-2.0782954692840576,-2.0350635051727295,0.09542505443096161
158,1.4236,2.9162,0,1,0.734039306640625,0.626678466796875,0.1576385498046875,-1.876685619354248,-2.1827118396759033,0.22798097133636475
159,1.4072,2.9231,0,1,0.696929931640625,0.6992034912109375,0.0545196533203125,-1.719847559928894,-2.157392978668213,0.2948593199253082
160,1.3805,2.8866,0,1,0.7002716064453125,0.9067230224609375,-0.26068115234375,-1.4535599946975708,-0.8152101039886475,0.21706706285476685
161,1.3432,2.8124,0,1,0.6621856689453125,1.207672119140625,-0.7602386474609375,-0.8551726937294006,2.630917549133301,0.26379144191741943
162,1.295,2.7076,0,1,0.7569122314453125,1.3146820068359375,-0.19256591796875,-0.3295685648918152,4.429494857788086,0.29490140080451965
163,1.2365,2.5801,0,1,0.8035736083984375,1.3493499755859375,0.224700927734375,-0.39447781443595886,3.165097951889038,0.4297252595424652
164,1.1696,2.4382,0,1,0.3938446044921875,1.183349609375,-0.00360107421875,-0.5717045068740845,0.9211248159408569,-0.09573318064212799
165,1.0974,2.2896,0,1,0.2660675048828125,1.060760498046875,-0.092529296875,-0.9679480195045471,-0.8074406385421753,-0.7712202668190002
166,1.0245,2.1408,0,1,0.422271728515625,0.95733642578125,-0.0325927734375,-1.6514421701431274,-1.087151050567627,-0.9126583933830261
167,0.9562,1.997,0,1,0.45806884765625,0.810028076171875,-0.0426483154296875,-1.7430570125579834,-1.0160596370697021,-1.2566006183624268
168,0.8983,1.8618,0,1,0.533660888671875,0.7151641845703125,-0.0465545654296875,-1.4991344213485718,-0.7498098015785217,-1.2516558170318604
169,0.856,1.7377,0,1,0.5446319580078125,0.6380767822265625,-0.047760009765625,-1.213801383972168,-0.3165603578090668,-1.0107049942016602
170,0.8335,1.6267,0,1,0.5442047119140625,0.5776824951171875,-0.059906005859375,-0.9501625895500183,0.295248419046402,-0.6809593439102173
171,0.8334,1.5306,0,1,0.5188751220703125,0.5211029052734375,-0.0877685546875,-0.7495967745780945,1.0165799856185913,-0.42032590508461
172,0.8557,1.4516,0,1,0.495513916015625,0.4606781005859375,-0.1280059814453125,-0.6410857439041138,1.8526275157928467,-0.25398513674736023
173,0.8984,1.3928,0,1,0.4440765380859375,0.408050537109375,-0.2010498046875,-0.5698714852333069,2.39306902885437,-0.17560884356498718
174,0.957,1.3577,0,1,0.4937896728515625,0.512176513671875,-0.44305419921875,0.038430213928222656,1.878096580505371,-0.2615621089935303
175,1.0254,1.3501,0,1,0.688018798828125,0.6865997314453125,-0.100982666015625,0.6457728743553162,0.3865322768688202,-0.18116340041160583
176,1.0965,1.373,0,1,0.947662353515625,0.838348388671875,0.11553955078125,0.7097545266151428,-0.629724383354187,0.08460702747106552
177,1.1631,1.4269,0,1,1.121246337890625,0.91851806640625,0.1903839111328125,0.6154969930648804,-1.372552514076233,0.33543020486831665
178,1.2188,1.5097,0,1,1.0360565185546875,0.834869384765625,0.08843994140625,0.4188119173049927,-1.2958099842071533,0.15834729373455048
179,1.2588,1.6149,0,1,1.0293731689453125,0.880340576171875,0.013702392578125,0.0001174454009742476,-0.1747334599494934,0.27358734607696533
180,1.2804,1.7327,0,1,0.9353790283203125,0.912078857421875,-0.1201324462890625,-0.292928010225296,1.0181083679199219,0.6597456932067871
181,1.2831,1.8501,0,1,0.907623291015625,0.903228759765625,-0.9074859619140625,1.0035529136657715,0.7552815079689026,0.9520553350448608
182,1.2682,1.9532,0,1,0.756195068359375,0.8484954833984375,-0.4010009765625,2.3647634983062744,-1.0036742687225342,1.1758569478988647
183,1.2386,2.0287,0,1,0.5919036865234375,0.8024749755859375,-0.1407470703125,2.114145278930664,-1.236275315284729,1.1439573764801025
184,1.1982,2.0668,0,1,0.4779815673828125,0.83087158203125,-0.0463104248046875,1.4376391172409058,-1.3506746292114258,1.0661512613296509
185,1.1511,2.0623,0,1,0.3958740234375,0.8951416015625,-0.0190277099609375,0.9976398348808289,-1.8509440422058105,0.8011523485183716
186,1.1012,2.0163,0,1,0.370574951171875,0.9435577392578125,-0.0139617919921875,0.8337694406509399,-2.2780227661132812,0.38631653785705566
187,1.0519,1.9357,0,1,0.4315948486328125,0.9886016845703125,-0.00634765625,0.7707241177558899,-2.1414380073547363,0.15177328884601593
188,1.0063,1.8324,0,1,0.5697021484375,1.00408935546875,-0.0001068115234375,0.7925732731819153,-1.7418338060379028,0.31908077001571655
189,0.9665,1.7218,0,1,0.599517822265625,1.0028076171875,0.02069091796875,0.827640175819397,-1.2662580013275146,0.5749202966690063
190,0.9347,1.6203,0,1,0.5528411865234375,0.90435791015625,0.0493927001953125,0.6948916912078857,-0.9325359463691711,0.6868026256561279
191,0.9121,1.5428,0,1,0.5411376953125,0.7391204833984375,0.0745391845703125,0.3923094570636749,-0.7064916491508484,0.6625263094902039
192,0.8999,1.5007,0,1,0.57806396484375,0.6231689453125,0.080596923828125,-0.008039284497499466,-0.7439713478088379,0.6213056445121765
193,0.8985,1.5,0,1,0.60601806640625,0.551849365234375,0.02679443359375,-0.3984328508377075,-0.9646701812744141,0.5939642786979675
194,0.9074,1.5406,0,1,0.6265106201171875,0.5484466552734375,-0.0369415283203125,-0.7781173586845398,-0.9436753988265991,0.5872411131858826
195,0.9254,1.6167,0,1,0.6315155029296875,0.593017578125,-0.07745361328125,-1.1593188047409058,-0.5447405576705933,0.5375633239746094
196,0.9503,1.7177,0,1,0.641204833984375,0.6618194580078125,-0.0749359130859375,-1.558839201927185,-0.20139595866203308,0.4846327304840088
197,0.9792,1.8299,0,1,0.6307830810546875,0.718963623046875,-0.0599822998046875,-1.9733620882034302,-0.16393913328647614,0.4070141017436981
198,1.0084,1.9388,0,1,0.635223388671875,0.7345123291015625,-0.070770263671875,-2.3023698329925537,-0.5164678692817688,0.3943273425102234
199,1.0342,2.0311,0,1,0.588531494140625,0.7314910888671875,-0.109100341796875,-2.37178373336792,-1.0719777345657349,0.400703489780426
200,1.0531,2.0965,0,1,0.5429534912109375,0.785064697265625,-0.0912933349609375,-2.3380017280578613,-1.3905320167541504,0.2830657958984375
201,1.0621,2.1282,0,1,0.6644287109375,0.84234619140625,-0.2161865234375,-2.1620819568634033,-1.3671561479568481,0.2549886107444763
202,1.0596,2.1239,0,1,0.868072509765625,0.9210968017578125,-0.4215545654296875,-1.6772260665893555,-1.2092971801757812,0.5343464612960815
203,1.0456,2.0845,0,1,0.84521484375,0.9443359375,-0.4058380126953125,-1.1650216579437256,-0.7300922870635986,0.7731537222862244
204,1.0214,2.013,0,1,0.71392822265625,0.9010009765625,-0.2656707763671875,-0.9286708831787109,-0.16862577199935913,0.7294041514396667
205,0.99,1.9139,0,1,0.5656280517578125,0.778717041015625,-0.1034393310546875,-1.0598667860031128,-0.2730616331100464,0.610584557056427
206,0.9554,1.7917,0,1,0.49920654296875,0.678436279296875,-0.0732879638671875,-1.2648252248764038,-0.7201363444328308,0.4901215136051178
207,0.9219,1.6513,0,1,0.4503021240234375,0.584136962890625,-0.0991668701171875,-1.2837989330291748,-1.1895562410354614,0.3051106333732605
208,0.8938,1.4974,0,1,0.4050445556640625,0.5448150634765625,-0.102081298828125,-1.1395695209503174,-1.4979705810546875,0.09184496849775314
209,0.8745,1.3357,0,1,0.421844482421875,0.607818603515625,-0.1480712890625,-0.9154586791992188,-1.2928214073181152,0.025435052812099457
210,0.866,1.1736,0,1,0.437042236328125,0.6935272216796875,-0.156982421875,-0.7544455528259277,-1.0541290044784546,0.008820123039186
211,0.8692,1.0204,0,1,0.5204620361328125,0.6907196044921875,-0.1430816650390625,-0.6993040442466736,-0.9797742962837219,-0.007207046262919903
212,0.8837,0.8876,0,1,0.61419677734375,0.6784210205078125,-0.1436767578125,-0.6467545032501221,-0.9208390712738037,-0.005786249879747629
213,0.908,0.7884,0,1,0.693115234375,0.689910888671875,-0.1393280029296875,-0.5554019808769226,-0.911320149898529,0.031867917627096176
214,0.9403,0.7367,0,1,0.725494384765625,0.69482421875,-0.1435089111328125,-0.5083652138710022,-0.9714249968528748,0.0959470346570015
215,0.9781,0.7453,0,1,0.69268798828125,0.6683197021484375,-0.208831787109375,-0.470460444688797,-0.8417320251464844,0.11839934438467026
216,1.0193,0.8242,0,1,0.7860260009765625,0.759124755859375,-0.332977294921875,-0.3157483637332916,-0.5841262936592102,0.16762441396713257
217,1.0621,0.9787,0,1,0.8935394287109375,0.9071044921875,-0.47271728515625,0.017347032204270363,-0.23186758160591125,0.37700480222702026
218,1.1046,1.2073,0,1,0.6913604736328125,0.7541351318359375,-0.1988372802734375,-0.003861050819978118,0.41603609919548035,0.49429866671562195
219,1.1458,1.5011,0,1,0.4190521240234375,0.592987060546875,0.0487213134765625,-0.2617186903953552,0.08143680542707443,0.4596767723560333
220,1.1843,1.8435,0,1,0.492279052734375,0.483612060546875,-0.188934326171875,-0.2787511944770813,-1.0173637866973877,0.5660918951034546
221,1.2191,2.2121,0,1,0.45172119140625,0.38800048828125,-1.79949951171875,1.6365779638290405,-2.597804546356201,0.7557324171066284
222,1.2494,2.5802,0,1,0.456146240234375,0.5306549072265625,-0.4697265625,1.6837031841278076,1.5584571361541748,0.15773583948612213
223,1.2745,2.9208,0,1,0.8720245361328125,0.7659912109375,0.9356689453125,0.019145730882883072,-0.5526429414749146,0.16374659538269043
224,1.2941,3.2099,0,1,0.993621826171875,0.7689056396484375,0.9512939453125,-1.4357788562774658,-4.179070949554443,0.23275335133075714
225,1.3081,3.43,0,1,0.9488372802734375,0.6490936279296875,0.5901947021484375,-2.429340124130249,-5.7926788330078125,0.2843838036060333
226,1.3171,3.5724,0,1,1.1266937255859375,0.599334716796875,0.244110107421875,-2.8821167945861816,-4.847272872924805,0.6177542805671692
227,1.3217,3.6385,0,1,1.2102203369140625,0.511566162109375,-0.017120361328125,-2.9722421169281006,-3.2727887630462646,1.0249165296554565
228,1.3224,3.6384,0,1,0.893798828125,0.3904266357421875,-0.6025238037109375,-2.358870506286621,-0.5084943771362305,0.8728291988372803
229,1.3198,3.5882,0,1,0.919097900390625,0.6068878173828125,-0.109710693359375,-1.6204091310501099,0.7094764709472656,0.6607414484024048
230,1.3139,3.5065,0,1,0.9797515869140625,0.8369598388671875,0.178619384765625,-1.41120183467865,-0.8244499564170837,0.6670046448707581
231,1.3047,3.4102,0,1,0.9976043701171875,1.03118896484375,0.2050933837890625,-1.4639230966567993,-2.4701521396636963,0.8952460885047913
232,1.2917,3.3122,0,1,0.848480224609375,1.10284423828125,0.068328857421875,-1.794705867767334,-2.7159223556518555,1.0614597797393799
233,1.2745,3.2198,0,1,0.69940185546875,1.089202880859375,0.0158233642578125,-2.25647234916687,-1.7706977128982544,0.953317403793335
234,1.2528,3.1348,0,1,0.6269378662109375,1.052276611328125,0.0500030517578125,-2.522817373275757,-1.607311487197876,0.7530040144920349
235,1.2264,3.0548,0,1,0.4289398193359375,1.0752105712890625,-0.1027679443359375,-2.294173240661621,-2.2454373836517334,0.21385370194911957
236,1.1955,2.9749,0,1,0.638824462890625,1.133392333984375,0.011383056640625,-2.2049663066864014,-3.1048948764801025,0.11208286136388779
237,1.1606,2.8899,0,1,0.5807342529296875,1.026092529296875,-0.01678466796875,-2.3377349376678467,-2.972294330596924,0.3868350684642792
238,1.1226,2.7955,0,1,0.510711669921875,0.9481964111328125,-0.0558929443359375,-2.3905558586120605,-2.1223111152648926,0.1958741694688797
239,1.0826,2.6895,0,1,0.5508270263671875,0.9121856689453125,-0.0336151123046875,-2.2741079330444336,-1.4485937356948853,0.03321601077914238
240,1.042,2.5721,0,1,0.568023681640625,0.8852386474609375,-0.01776123046875,-2.0551836490631104,-1.028176188468933,0.03368499130010605
241,1.0023,2.4452,0,1,0.527679443359375,0.8454437255859375,0.0091094970703125,-1.8819406032562256,-0.6979175806045532,0.049558233469724655
242,0.9649,2.3116,0,1,0.4647369384765625,0.81439208984375,0.001983642578125,-1.8173003196716309,-0.4897289574146271,-0.0067998492158949375
243,0.9313,2.1743,0,1,0.3984832763671875,0.8180694580078125,-0.0556793212890625,-1.7748335599899292,-0.5130206942558289,-0.12901151180267334
244,0.9029,2.0357,0,1,0.346405029296875,0.823089599609375,-0.1067962646484375,-1.7110633850097656,-0.839591383934021,-0.2875622808933258
245,0.8808,1.8977,0,1,0.3808135986328125,0.79840087890625,-0.08880615234375,-1.7006198167800903,-0.9497021436691284,-0.3785265386104584
246,0.8661,1.7615,0,1,0.41094970703125,0.7639007568359375,-0.0919647216796875,-1.6745264530181885,-0.8496741056442261,-0.42462158203125
247,0.8597,1.6281,0,1,0.41802978515625,0.7553253173828125,-0.1285247802734375,-1.5992321968078613,-0.6844387650489807,-0.4564226567745209
248,0.8621,1.4992,0,1,0.4193267822265625,0.762847900390625,-0.1784515380859375,-1.4630624055862427,-0.5493590235710144,-0.48481595516204834
249,0.8738,1.3771,0,1,0.4375762939453125,0.768524169921875,-0.2292633056640625,-1.2842217683792114,-0.49135828018188477,-0.4752594828605652
250,0.8949,1.2651,0,1,0.4941864013671875,0.7284393310546875,-0.224212646484375,-1.1495369672775269,-0.4473996162414551,-0.5042085647583008
251,0.925,1.1675,0,1,0.5618743896484375,0.6961212158203125,-0.2052154541015625,-1.0946334600448608,-0.4040289521217346,-0.5512562394142151
252,0.9635,1.0894,0,1,0.6139373779296875,0.6642303466796875,-0.17572021484375,-1.0140001773834229,-0.5259172916412354,-0.5305794477462769
253,1.0089,1.0355,0,1,0.6933441162109375,0.6818695068359375,-0.169525146484375,-0.8701604604721069,-0.5829734206199646,-0.4428682327270508
254,1.0592,1.0098,0,1,0.7962646484375,0.7068328857421875,-0.14337158203125,-0.6389397382736206,-0.5459504127502441,-0.3073540925979614
255,1.1121,1.0148,0,1,0.9690399169921875,0.748870849609375,-0.0119171142578125,-0.4083283841609955,-0.47932717204093933,0.03609142452478409
256,1.1642,1.0504,0,1,0.930938720703125,0.667694091796875,0.0676116943359375,-0.1944562941789627,-0.5154542922973633,0.5879093408584595
257,1.2122,1.1137,0,1,0.7367095947265625,0.590850830078125,0.03851318359375,-0.08863931894302368,-0.37797924876213074,0.924775242805481
258,1.2524,1.199,0,1,0.5532684326171875,0.7460479736328125,-0.0833282470703125,-0.266668438911438,0.10164885967969894,1.133678674697876
259,1.2814,1.2983,0,1,0.3352203369140625,1.0336151123046875,-0.4080963134765625,-0.4809618294239044,0.09084601700305939,0.8897386789321899
260,1.2965,1.4019,0,1,0.358245849609375,1.374237060546875,-0.73858642578125,-0.10231518745422363,-1.208917498588562,0.2851838171482086
261,1.2963,1.4997,0,1,0.524261474609375,1.4824066162109375,-0.8126220703125,0.6276154518127441,-1.832951545715332,-0.08518733084201813
262,1.2808,1.5827,0,1,0.6636199951171875,1.3012542724609375,-0.6869659423828125,1.4376342296600342,-0.9429936408996582,-0.002531867241486907
263,1.2518,1.6434,0,1,0.7197418212890625,0.8920440673828125,-0.273406982421875,1.9626961946487427,-0.4942299723625183,-0.0034325483720749617
264,1.2126,1.6776,0,1,0.839569091796875,0.7191619873046875,0.1116790771484375,1.8781487941741943,-0.8261557221412659,0.08631891012191772
265,1.1673,1.6837,0,1,0.86871337890625,0.6190643310546875,0.30877685546875,1.3972764015197754,-1.1331393718719482,0.5065550804138184
266,1.1203,1.6633,0,1,0.71038818359375,0.5458526611328125,0.26654052734375,0.9323819875717163,-1.2555789947509766,0.716316819190979
267,1.0757,1.62,0,1,0.6465301513671875,0.5810699462890625,0.215087890625,0.4901031255722046,-1.0883311033248901,0.68546462059021
268,1.0367,1.5587,0,1,0.5872802734375,0.67364501953125,0.16302490234375,-0.06037492677569389,-0.5894936323165894,0.669535219669342
269,1.0051,1.4845,0,1,0.5235595703125,0.7361602783203125,0.0919036865234375,-0.6965444684028625,0.14074699580669403,0.5894246697425842
270,0.9813,1.4021,0,1,0.5038909912109375,0.800262451171875,0.051177978515625,-1.1869093179702759,0.6827058792114258,0.49914827942848206
271,0.9649,1.3154,0,1,0.57904052734375,0.8590545654296875,-0.0696258544921875,-1.3410102128982544,0.4212667942047119,0.5500261187553406
272,0.9545,1.2275,0,1,0.610198974609375,0.93719482421875,-0.1549835205078125,-1.033274531364441,-0.6575275659561157,0.7500508427619934
273,0.9485,1.1409,0,1,0.4635467529296875,0.97906494140625,-0.1195831298828125,-0.6912828683853149,-1.1407482624053955,0.7063922882080078
274,0.9454,1.0577,0,1,0.4106292724609375,0.96636962890625,-0.1191864013671875,-0.4987509548664093,-1.0803618431091309,0.4792797863483429
275,0.9442,0.98,0,1,0.432861328125,0.8903045654296875,-0.181610107421875,-0.44442564249038696,-0.8606907725334167,0.36415958404541016
276,0.9444,0.9096,0,1,0.417449951171875,0.7995452880859375,-0.209259033203125,-0.4605018198490143,-0.5399697422981262,0.29534029960632324
277,0.9457,0.8478,0,1,0.404266357421875,0.766357421875,-0.1489105224609375,-0.5696472525596619,-0.26054397225379944,0.2089630663394928
278,0.9485,0.7953,0,1,0.423858642578125,0.7309722900390625,-0.165863037109375,-0.6155849099159241,-0.08770029246807098,0.15956808626651764
279,0.9526,0.7522,0,1,0.5140838623046875,0.71685791015625,-0.2295989990234375,-0.46420735120773315,-0.09596753865480423,0.2138366550207138
280,0.9581,0.7177,0,1,0.5668182373046875,0.705230712890625,-0.2485809326171875,-0.20891593396663666,-0.20640350878238678,0.3873400092124939
281,0.9644,0.6907,0,1,0.54388427734375,0.700408935546875,-0.1671142578125,-0.06434383243322372,-0.5898481011390686,0.33321231603622437
282,0.9707,0.6697,0,1,0.570526123046875,0.670501708984375,-0.1475067138671875,-0.04267635568976402,-0.8950860500335693,0.11575189977884293
283,0.9757,0.6544,0,1,0.7019500732421875,0.633056640625,-0.2261199951171875,-0.02082219161093235,-0.8886217474937439,0.14371588826179504
284,0.9783,0.6449,0,1,0.792510986328125,0.605255126953125,-0.330596923828125,0.10883940011262894,-0.8149943947792053,0.3195761442184448
285,0.9771,0.6431,0,1,0.681365966796875,0.5314788818359375,-0.44732666015625,0.35986071825027466,-0.5896906852722168,0.2780047357082367
286,0.9716,0.652,0,1,0.62054443359375,0.481231689453125,-0.5205078125,0.5678839683532715,-0.07544655352830887,-0.003498861100524664
287,0.9616,0.6754,0,1,0.690338134765625,0.5149078369140625,-0.504669189453125,0.627255916595459,0.5594608783721924,-0.04881680756807327
288,0.9479,0.7175,0,1,0.7774505615234375,0.5317840576171875,-0.399505615234375,0.5497300028800964,0.8255378603935242,0.05464167520403862
289,0.9324,0.7817,0,1,0.835479736328125,0.5310211181640625,-0.3289337158203125,0.32367661595344543,0.6993300914764404,0.1817101389169693
290,0.9178,0.8696,0,1,0.8671875,0.514801025390625,-0.2538604736328125,0.018188856542110443,0.24899624288082123,0.29651182889938354
291,0.9071,0.9804,0,1,0.8512420654296875,0.5004425048828125,-0.1610260009765625,-0.2383396029472351,-0.3443416655063629,0.4254322648048401
292,0.9038,1.1104,0,1,0.7375946044921875,0.542694091796875,-0.1218109130859375,-0.3180845081806183,-0.4323311746120453,0.5076051354408264
293,0.911,1.2526,0,1,0.520538330078125,0.6080169677734375,-0.0912628173828125,-0.18035753071308136,-0.5914009809494019,0.5435871481895447
294,0.9307,1.3979,0,1,0.3828887939453125,0.5452117919921875,-0.328857421875,0.497691810131073,-1.4329659938812256,0.45833107829093933
295,0.9635,1.5356,0,1,0.129150390625,0.689849853515625,-0.5295257568359375,0.8223154544830322,-2.3033595085144043,0.30701321363449097
296,1.0086,1.6553,0,1,0.0590972900390625,0.709259033203125,-0.1452178955078125,-0.7959530353546143,0.21389977633953094,0.11883104592561722
297,1.0631,1.7479,0,1,0.232757568359375,0.71722412109375,0.204833984375,-1.5973325967788696,1.5097219944000244,-0.4674084782600403
298,1.123,1.8068,0,1,0.4810638427734375,0.9075164794921875,0.3423004150390625,-1.85418701171875,1.3970333337783813,-0.8796977400779724
299,1.1835,1.829,0,1,0.8824920654296875,1.24407958984375,0.3702850341796875,-1.9996118545532227,0.7156374454498291,-0.8813031315803528
300,1.2396,1.815,0,1,1.379608154296875,1.3615570068359375,-0.171966552734375,-1.3878048658370972,-0.2355177104473114,-0.1883893460035324
301,1.2867,1.7685,0,1,1.051666259765625,0.958282470703125,-0.517669677734375,0.6527663469314575,-1.05552077293396,0.7446030378341675
302,1.3212,1.6961,0,1,0.443511962890625,0.843109130859375,0.11212158203125,0.38538336753845215,-1.276928186416626,0.34360823035240173
303,1.3405,1.606,0,1,0.36328125,0.8697052001953125,0.1038360595703125,-0.8735359907150269,-0.7664932012557983,-0.21925698220729828
304,1.3432,1.5071,0,1,0.4822540283203125,0.987274169921875,0.094482421875,-1.5991413593292236,-0.4823293685913086,-0.6734431385993958
305,1.3288,1.4086,0,1,0.699127197265625,1.1356048583984375,0.0294342041015625,-1.6958963871002197,-0.5731026530265808,-0.7988734841346741
306,1.2978,1.3192,0,1,0.901580810546875,1.1473846435546875,-0.0070648193359375,-1.4110835790634155,-0.4879334568977356,-0.4932166337966919
307,1.2518,1.2461,0,1,0.8968353271484375,1.0635986328125,0.0311126708984375,-0.9600176215171814,-0.12242791056632996,-0.26059216260910034
308,1.1937,1.195,0,1,0.80975341796875,0.9783935546875,0.099456787109375,-0.6397972702980042,0.3015667796134949,-0.27299052476882935
309,1.1273,1.169,0,1,0.7130889892578125,0.9435577392578125,0.1231536865234375,-0.6381258964538574,0.4712463617324829,-0.4143353998661041
310,1.0574,1.1688,0,1,0.5779571533203125,0.893341064453125,-0.010833740234375,-0.7092357277870178,0.8088443875312805,-0.5591314435005188
311,0.9896,1.1927,0,1,0.4909515380859375,0.8529052734375,-0.0471954345703125,-0.7218295931816101,1.0009136199951172,-0.7386122941970825
312,0.9296,1.2366,0,1,0.4775543212890625,0.8204193115234375,0.0003662109375,-0.7212972044944763,0.8566885590553284,-0.7604946494102478
313,0.8829,1.2948,0,1,0.48004150390625,0.7707366943359375,0.0446929931640625,-0.7310784459114075,0.620756983757019,-0.7227872610092163
314,0.854,1.3606,0,1,0.461151123046875,0.733428955078125,0.0562744140625,-0.7342966198921204,0.5270733833312988,-0.7123913168907166
315,0.846,1.4274,0,1,0.4488677978515625,0.684600830078125,0.019195556640625,-0.7047839760780334,0.6571941375732422,-0.714666485786438
316,0.8599,1.489,0,1,0.42816162109375,0.6270599365234375,-0.0519256591796875,-0.603799045085907,0.9733017683029175,-0.6888247728347778
317,0.8948,1.5409,0,1,0.39202880859375,0.5477294921875,-0.21392822265625,-0.4088799059391022,1.4605220556259155,-0.6351678967475891
318,0.9473,1.5808,0,1,0.4483184814453125,0.4725494384765625,-0.4162139892578125,-0.06397072970867157,2.273233652114868,-0.5567431449890137
319,1.0121,1.6086,0,1,0.6708221435546875,0.5428466796875,-0.3255157470703125,0.412661075592041,2.4641480445861816,-0.2079494744539261
320,1.0826,1.6268,0,1,0.79119873046875,0.62353515625,-0.0804901123046875,0.7725183367729187,1.6518235206604004,0.30847927927970886
321,1.1513,1.6393,0,1,0.90191650390625,0.7225494384765625,0.1143951416015625,0.9107398390769958,0.5800694823265076,0.44336384534835815
322,1.2111,1.6503,0,1,1.1978759765625,0.9000244140625,0.2512664794921875,0.9248654842376709,-0.39077919721603394,0.5734233260154724
323,1.2559,1.663,0,1,1.17706298828125,0.8857421875,0.1565399169921875,0.6977490186691284,-0.6452935338020325,0.6676645874977112
324,1.2817,1.6787,0,1,0.9602813720703125,0.93133544921875,-0.0828857421875,0.2584962546825409,0.6301769018173218,0.5329134464263916
325,1.2866,1.696,0,1,0.7638092041015625,1.0863800048828125,-0.53125,0.34416961669921875,1.6430760622024536,0.3671058416366577
326,1.2714,1.711,0,1,0.7126617431640625,1.15655517578125,-0.538299560546875,1.741721510887146,-0.18279218673706055,0.36207911372184753
327,1.2388,1.7183,0,1,0.5915985107421875,1.0530548095703125,-0.1126861572265625,2.0359268188476562,-0.9202041625976562,0.4966028332710266
328,1.1932,1.712,0,1,0.5189208984375,0.8839111328125,0.0579376220703125,1.7718271017074585,-0.6281859278678894,0.6059687733650208
329,1.1395,1.6868,0,1,0.4565887451171875,0.7645111083984375,0.07745361328125,1.5224988460540771,-0.1735621988773346,0.6557413339614868
330,1.083,1.6396,0,1,0.387176513671875,0.72137451171875,-0.0455169677734375,1.478003740310669,-0.006190784275531769,0.6349969506263733
331,1.0282,1.5697,0,1,0.3018798828125,0.822296142578125,-0.1602325439453125,1.6426111459732056,-0.5089617967605591,0.4653666317462921
332,0.9787,1.4794,0,1,0.327972412109375,0.9786376953125,-0.18109130859375,1.5392663478851318,-0.956233561038971,0.2254091501235962
333,0.9371,1.3737,0,1,0.34918212890625,1.01556396484375,-0.185150146484375,1.1746692657470703,-0.7532253265380859,0.09008727967739105
334,0.9048,1.2599,0,1,0.4357757568359375,0.9347991943359375,-0.1342315673828125,0.9238694906234741,0.07233917713165283,0.22289779782295227
335,0.8825,1.1463,0,1,0.4503936767578125,0.818634033203125,-0.0298004150390625,0.8965761065483093,0.760167121887207,0.37544021010398865
336,0.8703,1.0416,0,1,0.4752349853515625,0.763519287109375,0.0853424072265625,0.9094029068946838,0.741192638874054,0.39660754799842834
337,0.8677,0.9533,0,1,0.5204010009765625,0.731842041015625,0.1067352294921875,0.8091359734535217,0.20854388177394867,0.3082300126552582
338,0.8739,0.8866,0,1,0.5327301025390625,0.6754608154296875,0.0405426025390625,0.42209506034851074,-0.06551908701658249,0.09332089126110077
339,0.8878,0.844,0,1,0.536956787109375,0.6309051513671875,-0.0233001708984375,-0.19663342833518982,0.19379876554012299,-0.0572395883500576
340,0.9076,0.8249,0,1,0.5390167236328125,0.65350341796875,-0.080902099609375,-0.6819508671760559,0.38515275716781616,-0.0874696597456932
341,0.9314,0.8256,0,1,0.5112457275390625,0.7155303955078125,-0.1252288818359375,-0.8258899450302124,0.3024837076663971,-0.1651383638381958
342,0.9571,0.8399,0,1,0.4880828857421875,0.7784576416015625,-0.0751800537109375,-0.869121789932251,0.042144522070884705,-0.27592960000038147
343,0.9822,0.8607,0,1,0.50030517578125,0.8181915283203125,-0.0320281982421875,-0.9801588654518127,-0.3201846778392792,-0.300443172454834
344,1.0042,0.8804,0,1,0.5219573974609375,0.8277435302734375,-0.079681396484375,-1.0195214748382568,-0.48671212792396545,-0.2332649528980255
345,1.0212,0.8928,0,1,0.576690673828125,0.806854248046875,-0.167938232421875,-0.8577764630317688,-0.5333978533744812,-0.13483397662639618
346,1.0314,0.8936,0,1,0.593902587890625,0.7974853515625,-0.296600341796875,-0.5642037391662598,-0.640034556388855,-0.023477895185351372
347,1.0341,0.8808,0,1,0.6377410888671875,0.8124847412109375,-0.5312042236328125,-0.09658566117286682,-0.8644535541534424,-0.006075202953070402
348,1.0293,0.8554,0,1,0.67791748046875,0.816619873046875,-0.6523284912109375,0.4135662913322449,-0.8022016286849976,0.08995412290096283
349,1.0179,0.8209,0,1,0.6420745849609375,0.7321319580078125,-0.593414306640625,0.7281396389007568,-0.0978328213095665,0.16091777384281158
350,1.0017,0.7829,0,1,0.584808349609375,0.65130615234375,-0.4033355712890625,0.7737729549407959,0.5051174759864807,0.17203381657600403
351,0.983,0.7487,0,1,0.5559234619140625,0.60809326171875,-0.2253265380859375,0.6863658428192139,0.6514827013015747,0.20716916024684906
352,0.9642,0.7257,0,1,0.55010986328125,0.5854034423828125,-0.0912017822265625,0.5639704465866089,0.4608674943447113,0.2140992432832718
353,0.9474,0.7214,0,1,0.5746612548828125,0.552276611328125,-0.060089111328125,0.47651007771492004,0.09952259808778763,0.26802799105644226
354,0.9343,0.7413,0,1,0.550750732421875,0.5276641845703125,-0.1058349609375,0.4567424952983856,-0.22372949123382568,0.21496237814426422
355,0.9263,0.789,0,1,0.5623626708984375,0.578765869140625,-0.1587982177734375,0.3746100962162018,-0.3722763657569885,0.17765414714813232
356,0.9242,0.865,0,1,0.6175537109375,0.6099853515625,-0.298126220703125,0.26369476318359375,-0.33251455426216125,0.21752646565437317
357,0.9287,0.9669,0,1,0.815032958984375,0.717437744140625,-0.5939788818359375,0.4096948504447937,-0.24584652483463287,0.3326035141944885
358,0.9404,1.0897,0,1,1.0565338134765625,0.84649658203125,-0.7308807373046875,1.0035014152526855,-0.27266401052474976,0.7846527099609375
359,0.9601,1.2263,0,1,0.9297027587890625,0.792144775390625,-0.44708251953125,1.4347665309906006,0.284973680973053,1.227250099182129
360,0.9884,1.3688,0,1,0.474884033203125,0.5496826171875,-0.065399169921875,1.3512206077575684,0.7586357593536377,1.030135989189148
361,1.0254,1.509,0,1,0.2769317626953125,0.4270477294921875,0.11279296875,0.8477691411972046,0.6814512610435486,0.7529334425926208
362,1.0704,1.6396,0,1,0.255645751953125,0.379791259765625,-0.382965087890625,0.9247547388076782,-0.2845771312713623,0.5778348445892334
363,1.1216,1.754,0,1,0.0786895751953125,0.6548614501953125,-0.97601318359375,1.3979401588439941,-1.380328893661499,-0.03886936977505684
364,1.1759,1.8474,0,1,0.396759033203125,0.880615234375,0.014007568359375,-0.8471299409866333,0.9280426502227783,-0.2621613144874573
365,1.2293,1.9167,0,1,0.6873321533203125,0.93023681640625,0.5551910400390625,-2.0108752250671387,0.9744053483009338,-0.6193591356277466
366,1.2775,1.9605,0,1,0.9354705810546875,1.055572509765625,0.5165252685546875,-2.3920273780822754,-0.10172529518604279,-0.9098103642463684
367,1.3168,1.9792,0,1,1.1900634765625,1.1187744140625,0.3137359619140625,-2.2053253650665283,-0.9285212159156799,-0.677306056022644
368,1.344,1.9749,0,1,1.411407470703125,0.99566650390625,-0.95513916015625,-0.6991754174232483,-0.1936725229024887,0.2539329528808594
369,1.3575,1.9509,0,1,0.8086090087890625,0.8948516845703125,-0.37127685546875,1.542445421218872,1.299791693687439,0.5231984853744507
370,1.3568,1.9111,0,1,0.439453125,0.9119873046875,0.073028564453125,1.0462241172790527,1.385405421257019,0.4443129897117615
371,1.3425,1.8597,0,1,0.1816864013671875,0.9863433837890625,0.1035003662109375,-0.5499142408370972,1.6933115720748901,-0.15796805918216705
372,1.316,1.8012,0,1,0.1572265625,1.0560455322265625,-0.0695037841796875,-1.523624300956726,0.29182732105255127,-0.9432247877120972
373,1.279,1.7396,0,1,0.5486602783203125,1.1739349365234375,-0.178985595703125,-1.2718958854675293,-1.2958526611328125,-1.0727119445800781
374,1.2335,1.6787,0,1,0.729522705078125,1.1152801513671875,0.0449676513671875,-1.1566559076309204,-1.6840819120407104,-0.6936562657356262
375,1.1817,1.6218,0,1,0.801055908203125,1.0455169677734375,0.0093536376953125,-1.0965930223464966,-1.1383098363876343,-0.4188832640647888
376,1.1259,1.5711,0,1,0.865447998046875,0.9543304443359375,-0.0525360107421875,-0.9137539863586426,0.006398510653525591,-0.29961520433425903
377,1.0688,1.5277,0,1,0.783355712890625,0.815948486328125,-0.0248870849609375,-0.6940274834632874,1.028721809387207,-0.46371519565582275
378,1.0134,1.4908,0,1,0.6856689453125,0.767486572265625,0.0344085693359375,-0.6750761866569519,1.3558433055877686,-0.6709386706352234
379,0.9626,1.4584,0,1,0.56890869140625,0.7347869873046875,-0.0591583251953125,-0.7185711860656738,1.2425835132598877,-0.6658816337585449
380,0.919,1.4268,0,1,0.44500732421875,0.688232421875,-0.1228790283203125,-0.6431704163551331,0.8502810001373291,-0.7653692960739136
381,0.885,1.3913,0,1,0.4860992431640625,0.7038726806640625,-0.045623779296875,-0.7076285481452942,0.28521469235420227,-0.7840229272842407
382,0.8621,1.3467,0,1,0.495635986328125,0.643035888671875,-0.0151519775390625,-0.9002280831336975,-0.01992017775774002,-0.710412323474884
383,0.8511,1.2884,0,1,0.5010223388671875,0.5889739990234375,-0.0031280517578125,-1.071739912033081,-0.05690908804535866,-0.7235329151153564
384,0.8517,1.2133,0,1,0.5220489501953125,0.5726165771484375,-0.0366973876953125,-1.1505777835845947,0.058575160801410675,-0.703167200088501
385,0.863,1.1206,0,1,0.5735626220703125,0.5948028564453125,-0.1104736328125,-1.1152151823043823,0.3406076431274414,-0.6061578392982483
386,0.8832,1.0126,0,1,0.5895843505859375,0.6588134765625,-0.22943115234375,-0.889133870601654,0.7171046137809753,-0.5146028995513916
387,0.9102,0.8955,0,1,0.607147216796875,0.773223876953125,-0.3224334716796875,-0.4877275824546814,0.9860103726387024,-0.43205633759498596
388,0.9421,0.7785,0,1,0.6262664794921875,0.8240509033203125,-0.2398529052734375,-0.1723504662513733,1.0975054502487183,-0.35445237159729004
389,0.9768,0.6736,0,1,0.6864471435546875,0.808624267578125,-0.0779266357421875,-0.04921175539493561,0.9333381056785583,-0.2601737976074219
390,1.0127,0.5943,0,1,0.7064666748046875,0.747711181640625,0.0511322021484375,0.012572250328958035,0.37547534704208374,-0.06835296005010605
391,1.0484,0.5537,0,1,0.6961517333984375,0.731170654296875,0.053375244140625,0.08309275656938553,-0.11706802994012833,0.029151227325201035
392,1.083,0.5624,0,1,0.6670989990234375,0.7522125244140625,-0.027435302734375,0.12071576714515686,0.03725868836045265,0.140825554728508
393,1.1154,0.6274,0,1,0.6179656982421875,0.7543487548828125,-0.064117431640625,0.16410131752490997,0.6131840348243713,0.17326046526432037
394,1.1449,0.7503,0,1,0.6709442138671875,0.7879180908203125,0.0228118896484375,0.2899354100227356,0.5700362920761108,0.26001453399658203
395,1.1706,0.9265,0,1,0.7790985107421875,0.90142822265625,0.1560821533203125,0.4082644581794739,-0.21722738444805145,0.4280168414115906
396,1.1916,1.1457,0,1,0.86572265625,0.96588134765625,0.2223358154296875,0.40486839413642883,-1.0844250917434692,0.5627453923225403
397,1.2073,1.3923,0,1,0.89892578125,0.9609527587890625,0.1655731201171875,0.3313659429550171,-1.3008217811584473,0.5944343209266663
398,1.2172,1.6466,0,1,0.8389434814453125,0.8726959228515625,0.066802978515625,0.28388339281082153,-0.6791811585426331,0.5720502138137817
399,1.2208,1.8871,0,1,0.745697021484375,0.753997802734375,-0.0830078125,0.3171273469924927,0.5221606492996216,0.6255858540534973
400,1.2182,2.0929,0,1,0.69915771484375,0.6905670166015625,-0.9381103515625,1.638409972190857,1.0787253379821777,0.8055210113525391
401,1.2096,2.2461,0,1,0.613922119140625,0.7988433837890625,-0.8462066650390625,3.6716256141662598,-0.2271367460489273,0.9189159870147705
402,1.1953,2.3345,0,1,0.527252197265625,0.919830322265625,-0.3664093017578125,3.4064831733703613,-0.2908526062965393,0.9613431096076965
403,1.1758,2.3535,0,1,0.36492919921875,0.9055023193359375,0.0485382080078125,2.2096469402313232,-0.5772151350975037,0.8565865755081177
404,1.1518,2.3068,0,1,0.356536865234375,0.875823974609375,0.292816162109375,1.4777281284332275,-0.9368411898612976,0.6485915780067444
405,1.124,2.2057,0,1,0.4307403564453125,0.9244537353515625,0.3144073486328125,1.0675259828567505,-1.5624898672103882,0.3697684705257416
406,1.0933,2.0679,0,1,0.532989501953125,1.07989501953125,0.1403350830078125,0.975666344165802,-2.3014349937438965,0.09107983857393265
407,1.0612,1.9153,0,1,0.708282470703125,1.2086181640625,-0.0969390869140625,0.9429944157600403,-2.485708713531494,0.11157872527837753
408,1.0292,1.7703,0,1,0.7676544189453125,0.9959716796875,-0.0526885986328125,0.5919408202171326,-1.50511634349823,0.4195999205112457
409,0.9995,1.6536,0,1,0.688262939453125,0.6969146728515625,0.120452880859375,0.05401263386011124,-0.8171765804290771,0.3546566069126129
410,0.974,1.5808,0,1,0.6299285888671875,0.5260009765625,0.15185546875,-0.37669774889945984,-0.6690006852149963,0.2654615044593811
411,0.9546,1.5605,0,1,0.610809326171875,0.4605865478515625,0.0958099365234375,-0.7170912623405457,-0.3950762152671814,0.2787938117980957
412,0.9426,1.5929,0,1,0.6336822509765625,0.4868927001953125,0.0025634765625,-1.0008145570755005,0.2840604782104492,0.32991930842399597
413,0.9383,1.67,0,1,0.6589508056640625,0.5535125732421875,-0.03680419921875,-1.249417781829834,1.0011472702026367,0.37719547748565674
414,0.9411,1.7773,0,1,0.6201324462890625,0.6443634033203125,0.033477783203125,-1.5291005373001099,1.177101969718933,0.2785016596317291
415,0.9494,1.896,0,1,0.6526947021484375,0.75042724609375,0.0618896484375,-1.8864831924438477,0.5512738227844238,0.21662232279777527
416,0.9609,2.006,0,1,0.707916259765625,0.784332275390625,-0.08123779296875,-2.2325479984283447,-0.6204781532287598,0.23055970668792725
417,0.973,2.0891,0,1,0.63531494140625,0.73297119140625,-0.18695068359375,-2.3913094997406006,-1.420310378074646,0.1210302859544754
418,0.9833,2.1315,0,1,0.541595458984375,0.784027099609375,-0.071136474609375,-2.4287354946136475,-1.450805425643921,-0.12320422381162643
419,0.9897,2.1255,0,1,0.561126708984375,0.8476715087890625,-0.006866455078125,-2.340092420578003,-1.3563095331192017,-0.1404721587896347
420,0.9908,2.0704,0,1,0.6832122802734375,0.856842041015625,-0.160491943359375,-1.8252453804016113,-1.3149666786193848,0.1051996573805809
421,0.9861,1.9717,0,1,0.7551422119140625,0.853271484375,-0.30474853515625,-0.8550019860267639,-1.2977274656295776,0.5330916047096252
422,0.9762,1.8401,0,1,0.6392974853515625,0.7787628173828125,-0.1744384765625,-0.4965418577194214,-0.9049506783485413,0.618509829044342
423,0.9622,1.6893,0,1,0.565521240234375,0.6388397216796875,-0.112060546875,-0.8996078372001648,-0.3645651936531067,0.45578670501708984
424,0.946,1.5345,0,1,0.56982421875,0.55157470703125,-0.1251678466796875,-1.2140296697616577,-0.08524991571903229,0.24805401265621185
425,0.9294,1.3905,0,1,0.5155487060546875,0.5465240478515625,-0.072357177734375,-1.0610630512237549,-0.41075611114501953,0.06436913460493088
426,0.9146,1.2708,0,1,0.557464599609375,0.6164703369140625,0.00994873046875,-0.779458224773407,-1.0618739128112793,0.014257232658565044
427,0.9034,1.1869,0,1,0.63482666015625,0.6341705322265625,0.03643798828125,-0.6074550747871399,-1.4618191719055176,0.06787411868572235
428,0.8975,1.1478,0,1,0.707244873046875,0.620849609375,0.060577392578125,-0.6350065469741821,-1.4567195177078247,0.0880608856678009
429,0.8985,1.1604,0,1,0.7530517578125,0.6273193359375,0.0364227294921875,-0.8384461998939514,-1.2113686800003052,0.032818667590618134
430,0.9079,1.2286,0,1,0.8035125732421875,0.640350341796875,-0.0485687255859375,-1.0280494689941406,-0.9826734066009521,0.03461576625704765
431,0.927,1.3534,0,1,0.85638427734375,0.73614501953125,-0.127960205078125,-1.0596933364868164,-0.9306941032409668,0.2656143605709076
432,0.9572,1.5321,0,1,0.7850494384765625,0.874542236328125,-0.3770751953125,-0.7121468186378479,-1.0004098415374756,0.47764432430267334
433,0.999,1.758,0,1,0.6107635498046875,0.7352142333984375,-0.212158203125,-0.30019232630729675,-1.1777089834213257,0.7369552850723267
434,1.0526,2.0197,0,1,0.28741455078125,0.522308349609375,0.0498199462890625,-0.40637654066085815,-1.6055423021316528,0.7766385078430176
435,1.1167,2.3019,0,1,0.335845947265625,0.374298095703125,-0.1118011474609375,-0.5181382298469543,-2.2355828285217285,0.7649552226066589
436,1.1888,2.5857,0,1,0.234588623046875,0.3260498046875,-1.64569091796875,1.1530020236968994,-0.4151500463485718,0.7951517105102539
437,1.2652,2.8507,0,1,0.5313262939453125,0.578033447265625,0.4974517822265625,0.8337406516075134,0.44688960909843445,0.5813094973564148
438,1.3411,3.0776,0,1,0.826446533203125,0.74700927734375,0.88037109375,-0.41611677408218384,-2.037278175354004,0.45970475673675537
439,1.4109,3.2507,0,1,1.0259246826171875,0.985565185546875,0.9396820068359375,-1.9249781370162964,-4.800146579742432,0.403095006942749
440,1.4693,3.3611,0,1,1.0872650146484375,1.1146697998046875,0.478515625,-2.818385601043701,-5.823755741119385,0.21989907324314117
441,1.5115,3.4087,0,1,1.1836090087890625,1.094635009765625,0.0896759033203125,-3.125930070877075,-4.9579548835754395,0.2822146415710449
442,1.5337,3.4027,0,1,0.6358489990234375,0.89105224609375,-0.7164459228515625,-2.502546548843384,-1.3081220388412476,0.2977573871612549
443,1.5332,3.3591,0,1,0.7520751953125,0.9774322509765625,-0.180908203125,-1.7985703945159912,2.363724708557129,0.1318349987268448
444,1.5091,3.2977,0,1,1.00408935546875,1.2146759033203125,0.385284423828125,-1.6874499320983887,0.5225087404251099,0.3081892430782318
445,1.462,3.2376,0,1,0.7137451171875,1.3596649169921875,-0.001739501953125,-1.5597143173217773,-1.0776022672653198,0.20595316588878632
446,1.3942,3.193,0,1,0.6434326171875,1.4879913330078125,-0.2735595703125,-1.252112865447998,-0.6391096711158752,-0.02196415513753891
447,1.3096,3.1707,0,1,0.579742431640625,1.2375335693359375,0.1607208251953125,-1.5781296491622925,-1.9041231870651245,0.054970309138298035
448,1.2137,3.1689,0,1,0.4582366943359375,0.9985198974609375,0.0896759033203125,-1.8995366096496582,-3.158867835998535,-0.20526394248008728
449,1.1126,3.1785,0,1,0.5002288818359375,0.9315643310546875,0.0281829833984375,-2.346961259841919,-3.0927510261535645,-0.3984578847885132
450,1.0132,3.1855,0,1,0.5499114990234375,0.8642425537109375,-0.0167388916015625,-2.637155055999756,-2.555415153503418,-0.5742489099502563
451,0.9223,3.1741,0,1,0.583404541015625,0.7862701416015625,-0.00299072265625,-2.6814568042755127,-2.3890161514282227,-0.6271957159042358
452,0.8458,3.1298,0,1,0.52569580078125,0.6878814697265625,-0.042083740234375,-2.5900940895080566,-2.3938379287719727,-0.6058779358863831
453,0.7886,3.0421,0,1,0.47308349609375,0.5964508056640625,-0.0797119140625,-2.446997880935669,-2.2195839881896973,-0.5163751840591431
454,0.7539,2.906,0,1,0.43548583984375,0.5193023681640625,-0.07208251953125,-2.307375907897949,-1.9079517126083374,-0.39551350474357605
455,0.7427,2.723,0,1,0.3883209228515625,0.4561004638671875,-0.0496368408203125,-2.14251446723938,-1.649963617324829,-0.31238266825675964
456,0.754,2.5005,0,1,0.3837738037109375,0.4522705078125,-0.0363006591796875,-1.9340046644210815,-1.4276593923568726,-0.27491357922554016
457,0.7849,2.2509,0,1,0.4197235107421875,0.517364501953125,-0.0285186767578125,-1.6908670663833618,-1.245821475982666,-0.2605133354663849
458,0.8308,1.9898,0,1,0.4904632568359375,0.6584014892578125,-0.0386962890625,-1.5030404329299927,-1.1339359283447266,-0.22762224078178406
459,0.8862,1.7344,0,1,0.5297088623046875,0.8250579833984375,-0.115478515625,-1.3858728408813477,-1.0098237991333008,-0.19361181557178497
460,0.9452,1.5013,0,1,0.5374908447265625,0.954833984375,-0.2694091796875,-1.201379418373108,-0.8160809874534607,-0.1509210765361786
461,1.0022,1.305,0,1,0.52520751953125,0.974853515625,-0.43560791015625,-0.8142439126968384,-0.7412698268890381,-0.07059880346059799
462,1.0529,1.1561,0,1,0.546600341796875,0.90899658203125,-0.25189208984375,-0.36582058668136597,-0.7521795034408569,-0.018396317958831787
463,1.0941,1.0606,0,1,0.688751220703125,0.8748779296875,0.0141143798828125,-0.22911441326141357,-0.6983665823936462,0.132136732339859
464,1.1242,1.0196,0,1,0.8416595458984375,0.8817291259765625,0.163604736328125,-0.16475538909435272,-0.894518256187439,0.4769468605518341
465,1.1431,1.0292,0,1,0.7767791748046875,0.78167724609375,0.180389404296875,-0.03322160243988037,-1.2614976167678833,0.71795254945755
466,1.1516,1.0814,0,1,0.644439697265625,0.7401123046875,0.13873291015625,0.027528030797839165,-1.0772236585617065,0.6815782785415649
467,1.1515,1.165,0,1,0.600311279296875,0.8150634765625,0.1091461181640625,-0.14892449975013733,-0.2825227677822113,0.630317211151123
468,1.1449,1.2669,0,1,0.5229339599609375,0.92095947265625,0.0796661376953125,-0.45769646763801575,0.7441489696502686,0.477410227060318
469,1.1338,1.3737,0,1,0.3943634033203125,1.06787109375,-0.0656890869140625,-0.9358382821083069,1.2567949295043945,0.22096620500087738
470,1.1203,1.4726,0,1,0.3300933837890625,1.1053466796875,-0.63726806640625,-0.5699225664138794,-1.3052072525024414,-0.045520614832639694
471,1.1058,1.5533,0,1,0.4189910888671875,0.921417236328125,-0.4417877197265625,0.1403866708278656,-2.637127161026001,-0.02503691054880619
472,1.0914,1.6083,0,1,0.5203704833984375,0.7896728515625,-0.3237457275390625,0.6107057332992554,-1.7291889190673828,-0.046419963240623474
473,1.078,1.6336,0,1,0.68218994140625,0.7458038330078125,-0.2075042724609375,0.8621554970741272,-0.6968608498573303,0.1674494445323944
474,1.0656,1.629,0,1,0.7304229736328125,0.7394561767578125,-0.104095458984375,0.9407384991645813,-0.7745292782783508,0.4233379364013672
475,1.0542,1.5972,0,1,0.7277069091796875,0.7895050048828125,-0.1189117431640625,0.9649250507354736,-1.0724714994430542,0.46630218625068665
476,1.0435,1.5439,0,1,0.696441650390625,0.8232879638671875,-0.07940673828125,0.849755048751831,-1.1974546909332275,0.48879578709602356
477,1.033,1.4762,0,1,0.5529022216796875,0.876861572265625,-0.0489959716796875,0.668426513671875,-1.340944766998291,0.40415120124816895
478,1.0224,1.4029,0,1,0.479705810546875,0.8990325927734375,-0.045318603515625,0.5389934182167053,-1.4312174320220947,0.30616897344589233
479,1.0114,1.333,0,1,0.5412445068359375,0.8816375732421875,-0.0885772705078125,0.4798848330974579,-1.224705696105957,0.40905168652534485
480,1,1.2753,0,1,0.6504669189453125,0.79522705078125,-0.10369873046875,0.4817914068698883,-0.9833580851554871,0.597735583782196
481,0.9886,1.2376,0,1,0.7429351806640625,0.7046356201171875,-0.0836181640625,0.360550194978714,-1.0645544528961182,0.7133061289787292
482,0.9777,1.2261,0,1,0.733428955078125,0.657684326171875,-0.0660247802734375,0.1102687194943428,-1.0518550872802734,0.6702670454978943
483,0.9679,1.2444,0,1,0.682098388671875,0.64324951171875,0.0063018798828125,-0.31801044940948486,-0.7401670217514038,0.6120008230209351
484,0.96,1.2933,0,1,0.6162872314453125,0.66778564453125,0.0561676025390625,-0.7631333470344543,-0.4135356545448303,0.613287091255188
485,0.9547,1.3704,0,1,0.548553466796875,0.7097930908203125,0.0810546875,-1.0866661071777344,-0.22498410940170288,0.5844168663024902
486,0.9524,1.4705,0,1,0.5091705322265625,0.7765350341796875,0.0748443603515625,-1.342154622077942,-0.3362185060977936,0.546639621257782
487,0.9532,1.5856,0,1,0.5279083251953125,0.8114166259765625,-0.0244903564453125,-1.4900755882263184,-0.6901403665542603,0.5367883443832397
488,0.9572,1.7057,0,1,0.607391357421875,0.827362060546875,-0.1755828857421875,-1.4872534275054932,-1.0363928079605103,0.5628902316093445
489,0.9639,1.8197,0,1,0.6110382080078125,0.817138671875,-0.2171478271484375,-1.502474308013916,-0.8621712327003479,0.5479112863540649
490,0.9725,1.9164,0,1,0.561370849609375,0.789794921875,-0.1970062255859375,-1.6364458799362183,-0.2909484803676605,0.4355168640613556
491,0.9821,1.9855,0,1,0.51324462890625,0.777557373046875,-0.1346588134765625,-1.7498512268066406,0.09600695967674255,0.31826239824295044
492,0.9913,2.0185,0,1,0.4591217041015625,0.761138916015625,-0.035125732421875,-1.8725007772445679,-0.08460942655801773,0.18970228731632233
493,0.9985,2.0095,0,1,0.445343017578125,0.74078369140625,-0.0164337158203125,-1.9711858034133911,-0.5556427240371704,0.04400261119008064
494,1.0021,1.9564,0,1,0.51275634765625,0.72314453125,-0.1071319580078125,-1.9152194261550903,-1.0025334358215332,-0.02364620752632618
495,1.0006,1.8614,0,1,0.5830230712890625,0.7043304443359375,-0.242584228515625,-1.6695075035095215,-1.4583173990249634,0.002267681760713458
496,0.9929,1.731,0,1,0.6852874755859375,0.705474853515625,-0.378448486328125,-1.246655821800232,-1.7780637741088867,0.062014102935791016
497,0.9789,1.5758,0,1,0.8043212890625,0.728057861328125,-0.5020599365234375,-0.6758644580841064,-1.708781123161316,0.22139151394367218
498,0.9594,1.4095,0,1,0.8185882568359375,0.7088165283203125,-0.530029296875,-0.09429081529378891,-1.4193590879440308,0.45983895659446716
499,0.9365,1.2473,0,1,0.7704620361328125,0.675445556640625,-0.4532318115234375,0.22646483778953552,-0.8926383256912231,0.5877141356468201
500,0.9131,1.1043,0,1,0.63446044921875,0.6213531494140625,-0.318145751953125,0.2689310610294342,-0.13506647944450378,0.6118689775466919
501,0.893,0.9936,0,1,0.4506683349609375,0.574615478515625,-0.17596435546875,0.23315788805484772,0.3713325262069702,0.5919312238693237
502,0.88,0.9246,0,1,0.3095245361328125,0.5837860107421875,-0.0608978271484375,0.20325644314289093,0.39825788140296936,0.5046698451042175
503,0.8773,0.9019,0,1,0.2659454345703125,0.6052398681640625,-0.0531158447265625,0.26081719994544983,-0.017598168924450874,0.36501577496528625
504,0.8875,0.9249,0,1,0.2871856689453125,0.68634033203125,-0.1824188232421875,0.4324779212474823,-0.5986480116844177,0.1724569946527481
505,0.9115,0.9884,0,1,0.513824462890625,0.738128662109375,-0.498779296875,0.8413586020469666,-0.6951864957809448,0.1857008934020996
506,0.9489,1.0832,0,1,0.7266998291015625,0.704986572265625,-0.5490264892578125,1.5400588512420654,-0.6038233041763306,0.48563888669013977
507,0.9982,1.1977,0,1,0.706756591796875,0.6652069091796875,-0.0256500244140625,1.0683594942092896,0.0394776351749897,0.5669787526130676
508,1.0564,1.3195,0,1,0.6415863037109375,0.6380615234375,0.4472198486328125,-0.41277453303337097,0.10959839820861816,0.2933115065097809
509,1.1197,1.4367,0,1,0.6505279541015625,0.6397705078125,0.4463958740234375,-1.3468300104141235,-0.807097315788269,0.04922400414943695
510,1.1838,1.5393,0,1,0.72998046875,0.7578887939453125,0.3420867919921875,-1.9130157232284546,-1.3448116779327393,-0.13885028660297394
511,1.2441,1.6207,0,1,0.9360198974609375,0.905242919921875,0.2093048095703125,-2.1980738639831543,-1.4045099020004272,-0.09412463754415512
512,1.2964,1.6773,0,1,1.0909881591796875,0.931243896484375,-0.5312042236328125,-1.689867615699768,-0.500382661819458,0.103987917304039
513,1.3369,1.7091,0,1,0.752899169921875,0.9694061279296875,-0.478912353515625,0.39766961336135864,1.2873555421829224,0.17029157280921936
514,1.3627,1.7188,0,1,0.7455596923828125,1.0668792724609375,0.2839813232421875,0.18103688955307007,0.008184426464140415,0.1870010495185852
515,1.3719,1.7106,0,1,0.7403564453125,1.1427001953125,0.337554931640625,-0.7551052570343018,-1.3711801767349243,0.16030311584472656
516,1.3638,1.6899,0,1,0.64599609375,1.0460662841796875,0.1266632080078125,-1.574967384338379,-1.593436360359192,0.00507065886631608
517,1.3388,1.662,0,1,0.72332763671875,1.050201416015625,-0.02227783203125,-1.8641482591629028,-1.159455418586731,-0.18629956245422363
518,1.2986,1.6317,0,1,0.829986572265625,1.103424072265625,-0.190277099609375,-1.6237258911132812,-0.6622035503387451,-0.19943614304065704
519,1.2456,1.6033,0,1,0.7869720458984375,1.0484161376953125,-0.1044769287109375,-1.1338988542556763,-0.6477020978927612,-0.2561071515083313
520,1.1833,1.5796,0,1,0.7295989990234375,0.9466552734375,-0.0010223388671875,-0.9700084924697876,-0.9130807518959045,-0.31731563806533813
521,1.1158,1.562,0,1,0.6950531005859375,0.912384033203125,-0.01556396484375,-1.0803924798965454,-0.8492668867111206,-0.32462042570114136
522,1.0473,1.5502,0,1,0.6349334716796875,0.8483428955078125,-0.040313720703125,-1.2293130159378052,-0.5783222317695618,-0.412591814994812
523,0.9824,1.5424,0,1,0.6087188720703125,0.7716522216796875,-0.01519775390625,-1.3444713354110718,-0.5568163990974426,-0.5019824504852295
524,0.925,1.5354,0,1,0.5896759033203125,0.7035064697265625,-0.0079803466796875,-1.4299577474594116,-0.6710768938064575,-0.4944115877151489
525,0.8786,1.5252,0,1,0.5246734619140625,0.6390838623046875,-0.0512542724609375,-1.4594849348068237,-0.6473236680030823,-0.4502454698085785
526,0.8456,1.5079,0,1,0.4459075927734375,0.6017303466796875,-0.0944976806640625,-1.418501377105713,-0.3938000202178955,-0.4539104998111725
527,0.827,1.4797,0,1,0.39923095703125,0.6071014404296875,-0.111541748046875,-1.3474761247634888,-0.1336802989244461,-0.49721136689186096
528,0.823,1.438,0,1,0.38165283203125,0.6474609375,-0.1300506591796875,-1.2703478336334229,0.03519367426633835,-0.5493699312210083
529,0.8323,1.3815,0,1,0.4056854248046875,0.724334716796875,-0.1398162841796875,-1.2422420978546143,0.18326330184936523,-0.5934577584266663
530,0.8528,1.3106,0,1,0.436309814453125,0.791015625,-0.158538818359375,-1.2405632734298706,0.24147947132587433,-0.6372819542884827
531,0.8819,1.2274,0,1,0.477783203125,0.8479766845703125,-0.2238616943359375,-1.2241201400756836,0.3320258855819702,-0.7238487601280212
532,0.9165,1.136,0,1,0.556854248046875,0.746826171875,-0.286956787109375,-1.0299439430236816,0.36991119384765625,-0.7144001722335815
533,0.9538,1.0413,0,1,0.6279754638671875,0.6637115478515625,-0.2304534912109375,-0.7474457025527954,0.3067586123943329,-0.5691702365875244
534,0.9912,0.9497,0,1,0.717041015625,0.6386260986328125,-0.125885009765625,-0.5486711263656616,0.13632215559482574,-0.36749279499053955
535,1.0263,0.8676,0,1,0.7783050537109375,0.65081787109375,-0.033599853515625,-0.3881320357322693,-0.1156885176897049,-0.11663047224283218
536,1.0576,0.8015,0,1,0.8537750244140625,0.6780548095703125,0.07208251953125,-0.24269413948059082,-0.5455658435821533,0.1779918372631073
537,1.0839,0.757,0,1,0.828887939453125,0.6627655029296875,0.1307525634765625,-0.1216055303812027,-1.089000940322876,0.36950668692588806
538,1.1046,0.7392,0,1,0.772216796875,0.66522216796875,0.1055755615234375,-0.0666610524058342,-1.1858731508255005,0.38530242443084717
539,1.1197,0.7519,0,1,0.7877960205078125,0.7408905029296875,0.10748291015625,-0.2158161848783493,-0.6445204019546509,0.4197442829608917
540,1.1295,0.7973,0,1,0.8489990234375,0.83343505859375,0.176849365234375,-0.38599270582199097,-0.25687599182128906,0.472961962223053
541,1.1347,0.8761,0,1,0.8205108642578125,0.8862762451171875,0.1866912841796875,-0.43317991495132446,-0.13210263848304749,0.5196005702018738
542,1.1363,0.9867,0,1,0.70916748046875,0.89312744140625,0.1416168212890625,-0.4206707775592804,0.30252736806869507,0.5016031861305237
543,1.1353,1.125,0,1,0.58929443359375,0.9001312255859375,0.0919342041015625,-0.3298508822917938,1.0645326375961304,0.4635005593299866
544,1.1329,1.2845,0,1,0.400482177734375,0.963714599609375,0.0240631103515625,-0.289384663105011,1.7774291038513184,0.33702728152275085
545,1.1299,1.4562,0,1,0.101593017578125,1.12359619140625,-0.4692840576171875,0.01907435804605484,0.35282596945762634,-0.21711580455303192
546,1.127,1.6293,0,1,0.3796844482421875,1.044952392578125,-0.3191680908203125,0.6101597547531128,-2.0192642211914062,-0.4305841326713562
547,1.1244,1.7915,0,1,0.5827484130859375,0.898651123046875,-0.2075042724609375,0.8609118461608887,-1.8399475812911987,-0.14224901795387268
548,1.1219,1.9301,0,1,0.6450653076171875,0.8231201171875,-0.147918701171875,1.0925109386444092,-0.4677637219429016,0.2030377984046936
549,1.1187,2.0333,0,1,0.7169952392578125,0.7935028076171875,-0.1445159912109375,1.5100160837173462,0.3547106981277466,0.48810335993766785
550,1.1139,2.0907,0,1,0.735321044921875,0.7625732421875,-0.1513671875,2.1520276069641113,0.33556148409843445,0.7437987923622131
551,1.1061,2.0954,0,1,0.6450347900390625,0.7635955810546875,-0.1234588623046875,2.628159523010254,0.19675007462501526,0.7899870276451111
552,1.0944,2.0441,0,1,0.6431732177734375,0.8528594970703125,-0.0683135986328125,2.5885961055755615,0.17013497650623322,0.8662101626396179
553,1.0777,1.9387,0,1,0.5628662109375,1.0064544677734375,0.0052490234375,1.9908775091171265,-0.05064746364951134,0.7737409472465515
554,1.0559,1.7854,0,1,0.4863128662109375,1.1289520263671875,0.002166748046875,1.3472119569778442,-0.2558285892009735,0.4399605989456177
555,1.0296,1.5949,0,1,0.5536651611328125,1.144805908203125,-0.1515960693359375,1.1459754705429077,-0.36199790239334106,0.28000423312187195
556,1.0001,1.3808,0,1,0.492950439453125,0.9268035888671875,-0.1130523681640625,1.2413933277130127,0.15316398441791534,0.3090505301952362
557,0.9696,1.1587,0,1,0.389678955078125,0.76580810546875,0.05389404296875,1.1911808252334595,0.8302178382873535,0.1438000500202179
558,0.9404,0.9443,0,1,0.3973236083984375,0.690338134765625,0.1482391357421875,0.9062628149986267,0.7174513339996338,0.029576534405350685
559,0.9152,0.7526,0,1,0.457122802734375,0.6539306640625,0.13232421875,0.50859135389328,0.07528357207775116,-0.0007145261042751372
560,0.8961,0.5958,0,1,0.5730743408203125,0.631927490234375,-0.03045654296875,0.12616272270679474,-0.36435291171073914,0.021466676145792007
561,0.8843,0.483,0,1,0.69915771484375,0.62371826171875,-0.2216796875,-0.022766299545764923,-0.17905311286449432,0.21218709647655487
562,0.8806,0.4188,0,1,0.5763092041015625,0.577911376953125,-0.215576171875,-0.0025425199419260025,0.061521951109170914,0.14327992498874664
563,0.8843,0.4039,0,1,0.5644378662109375,0.607391357421875,-0.1424560546875,-0.10362572968006134,-0.02160942181944847,-0.1307114064693451
564,0.8942,0.4345,0,1,0.6227569580078125,0.6306915283203125,-0.1154327392578125,-0.40155407786369324,-0.34437867999076843,-0.24329973757266998
565,0.9082,0.5038,0,1,0.6278839111328125,0.6093292236328125,-0.1723785400390625,-0.5962327718734741,-0.5916601419448853,-0.2192133069038391
566,0.924,0.6023,0,1,0.537384033203125,0.5941162109375,-0.2217559814453125,-0.4815669059753418,-0.6047572493553162,-0.2316311001777649
567,0.9392,0.7195,0,1,0.4864501953125,0.5932464599609375,-0.2411651611328125,-0.2662407457828522,-0.6331393718719482,-0.20837052166461945
568,0.9518,0.8447,0,1,0.4990386962890625,0.5960235595703125,-0.3467559814453125,-0.004490355961024761,-0.6033625602722168,-0.15131787955760956
569,0.9609,0.9679,0,1,0.6394195556640625,0.6275787353515625,-0.597869873046875,0.4422871470451355,-0.3537418246269226,-0.019540412351489067
570,0.9667,1.0808,0,1,0.9587860107421875,0.63226318359375,-0.7668304443359375,1.0538424253463745,0.30056729912757874,0.32242971658706665
571,0.9709,1.1775,0,1,1.189544677734375,0.54296875,-0.5740966796875,1.4256231784820557,0.7611239552497864,0.8124838471412659
572,0.9765,1.2547,0,1,1.0827789306640625,0.395599365234375,-0.3566436767578125,1.3707183599472046,0.6800554990768433,1.0735218524932861
573,0.987,1.3115,0,1,0.8672027587890625,0.2545166015625,-0.126251220703125,0.8831912875175476,0.598331093788147,1.1069724559783936
574,1.006,1.3494,0,1,0.5872802734375,0.1964111328125,0.0819091796875,0.17589139938354492,0.4697573781013489,0.9299383163452148
575,1.036,1.3713,0,1,0.32110595703125,0.2814178466796875,0.226531982421875,-0.4265281558036804,-0.13611815869808197,0.5585455894470215
576,1.0778,1.3804,0,1,0.2849884033203125,0.430389404296875,-0.0102081298828125,-0.6932730078697205,-0.8586795330047607,0.19286052882671356
577,1.1302,1.3798,0,1,0.4389190673828125,0.843292236328125,-1.25238037109375,0.49719804525375366,-1.1781505346298218,0.14385171234607697
578,1.1898,1.3718,0,1,0.66851806640625,0.9336395263671875,0.2768096923828125,-0.3158993721008301,-0.07296688854694366,0.4731883406639099
579,1.2515,1.358,0,1,0.5096893310546875,0.908111572265625,0.4499664306640625,-1.3281192779541016,-0.6113405823707581,-0.09774120897054672
580,1.3097,1.3397,0,1,0.7020263671875,1.0815887451171875,0.37872314453125,-1.925471305847168,-1.1667077541351318,-0.5774534940719604
581,1.3584,1.3183,0,1,1.0826263427734375,1.3997650146484375,-0.097808837890625,-2.181567430496216,-0.4079741835594177,-0.4325026869773865
582,1.3929,1.2958,0,1,0.926300048828125,1.3606414794921875,-1.047943115234375,-0.2625584006309509,0.9562785625457764,0.07233704626560211
583,1.4096,1.275,0,1,0.5750885009765625,1.0706634521484375,0.268310546875,-0.15184251964092255,-0.26439037919044495,0.2036074548959732
584,1.4068,1.2591,0,1,0.418365478515625,0.982086181640625,0.2447662353515625,-0.7975091338157654,-1.091624140739441,-0.25987792015075684
585,1.3846,1.2515,0,1,0.62591552734375,1.0777740478515625,0.0910186767578125,-1.274375557899475,-1.2058687210083008,-0.5031797885894775
586,1.3446,1.2552,0,1,0.8493194580078125,1.0266876220703125,-0.2679443359375,-1.2916642427444458,-0.4811442494392395,-0.4456437826156616
587,1.2895,1.272,0,1,0.9014892578125,0.94256591796875,-0.1903076171875,-0.8966999053955078,0.1300581395626068,-0.350983589887619
588,1.2232,1.3022,0,1,0.86468505859375,0.8728485107421875,0.01983642578125,-0.8320119976997375,0.054973237216472626,-0.2609674036502838
589,1.1501,1.3443,0,1,0.792236328125,0.84564208984375,0.0118255615234375,-1.0216503143310547,0.0384959951043129,-0.35189172625541687
590,1.0751,1.3944,0,1,0.6987762451171875,0.8853759765625,-0.0546112060546875,-1.3046621084213257,0.23313072323799133,-0.47696974873542786
591,1.0027,1.4472,0,1,0.57781982421875,0.859344482421875,-0.1134033203125,-1.3936878442764282,0.0697346031665802,-0.5565681457519531
592,0.9375,1.4957,0,1,0.49017333984375,0.78253173828125,-0.11309814453125,-1.348413348197937,-0.20830793678760529,-0.6986954808235168
593,0.8832,1.5327,0,1,0.4788360595703125,0.71435546875,-0.084259033203125,-1.3527840375900269,-0.35421958565711975,-0.7913942933082581
594,0.8427,1.5514,0,1,0.470489501953125,0.656097412109375,-0.070953369140625,-1.3633850812911987,-0.3780370354652405,-0.806719958782196
595,0.8177,1.5465,0,1,0.480865478515625,0.592071533203125,-0.05242919921875,-1.3862240314483643,-0.327374130487442,-0.7716360092163086
596,0.8085,1.5148,0,1,0.467803955078125,0.54132080078125,-0.06719970703125,-1.35784113407135,-0.30978742241859436,-0.7503272294998169
597,0.8145,1.4558,0,1,0.458648681640625,0.5471038818359375,-0.1213531494140625,-1.2908408641815186,-0.17129185795783997,-0.7318955063819885
598,0.8336,1.3721,0,1,0.477020263671875,0.626739501953125,-0.17138671875,-1.1915360689163208,0.13162779808044434,-0.6829553842544556
599,0.8632,1.2692,0,1,0.5360870361328125,0.7274932861328125,-0.2214813232421875,-1.0491509437561035,0.5000854730606079,-0.6555954217910767
600,0.9001,1.1551,0,1,0.6180419921875,0.8147430419921875,-0.2349395751953125,-0.832724392414093,0.7499831914901733,-0.5999079346656799
601,0.9409,1.0399,0,1,0.6469268798828125,0.7714385986328125,-0.238433837890625,-0.6016070246696472,0.8809329271316528,-0.49646568298339844
602,0.9826,0.9348,0,1,0.6804351806640625,0.7109832763671875,-0.197021484375,-0.4267404079437256,0.9465523958206177,-0.3464953601360321
603,1.0225,0.8508,0,1,0.727447509765625,0.6804351806640625,-0.1224365234375,-0.2798806428909302,0.7125473618507385,-0.1675056368112564
604,1.0586,0.7977,0,1,0.748443603515625,0.6807098388671875,-0.010406494140625,-0.12267718464136124,0.16544196009635925,-0.006939132697880268
605,1.0894,0.7834,0,1,0.7252044677734375,0.6825103759765625,0.0819091796875,-0.0014008227735757828,-0.5319464206695557,0.08405468612909317
606,1.1141,0.8122,0,1,0.786865234375,0.7558441162109375,0.0887298583984375,0.04628600552678108,-0.8236651420593262,0.17020954191684723
607,1.1324,0.8854,0,1,0.846466064453125,0.8052825927734375,0.1421661376953125,0.013171462342143059,-0.9749411940574646,0.2976498007774353
608,1.1444,1.0001,0,1,0.828521728515625,0.78082275390625,0.1848602294921875,-0.08962762355804443,-1.2376575469970703,0.41713330149650574
609,1.151,1.1501,0,1,0.848358154296875,0.8306427001953125,0.1876983642578125,-0.19587843120098114,-1.4440056085586548,0.6193665862083435
610,1.153,1.326,0,1,0.7823944091796875,0.8814697265625,0.124237060546875,-0.24082618951797485,-1.1179622411727905,0.6891778707504272
611,1.1516,1.5154,0,1,0.663604736328125,0.89300537109375,0.06634521484375,-0.24228480458259583,-0.20153097808361053,0.5890454053878784
612,1.1483,1.704,0,1,0.551239013671875,0.88665771484375,0.0016326904296875,-0.23404285311698914,1.0814958810806274,0.4600781202316284
613,1.144,1.8763,0,1,0.3790283203125,0.972503662109375,-0.8673095703125,0.6085818409919739,1.4679394960403442,0.32884153723716736
614,1.1397,2.017,0,1,0.511260986328125,0.93609619140625,-0.628692626953125,2.4174978733062744,-0.14236938953399658,0.5146098136901855
615,1.1357,2.1127,0,1,0.5312347412109375,0.8320159912109375,-0.1521453857421875,2.5608203411102295,0.4162001311779022,0.6249983906745911
616,1.1319,2.1532,0,1,0.5793914794921875,0.7848358154296875,0.100860595703125,2.037823438644409,0.809935986995697,0.7849968075752258
617,1.1275,2.1329,0,1,0.646270751953125,0.7275848388671875,0.0388336181640625,1.707053542137146,0.14727547764778137,0.8959206938743591
618,1.121,2.0518,0,1,0.7140655517578125,0.71624755859375,-0.06500244140625,1.7656481266021729,-0.9329923987388611,0.9645934700965881
619,1.1109,1.9155,0,1,0.671295166015625,0.7950286865234375,-0.0518798828125,1.7629684209823608,-1.213045597076416,0.8338629007339478
620,1.0955,1.7348,0,1,0.69677734375,0.96942138671875,-0.047515869140625,1.572142243385315,-0.759797215461731,0.6950141787528992
621,1.0738,1.5248,0,1,0.6822967529296875,1.097503662109375,-0.0654449462890625,1.3114752769470215,-0.3801356256008148,0.5899423956871033
622,1.0457,1.3034,0,1,0.6761627197265625,1.1291351318359375,-0.1152496337890625,0.9999560117721558,-0.39454013109207153,0.5444380044937134
623,1.0122,1.0894,0,1,0.5600433349609375,0.9665069580078125,-0.163543701171875,0.7881278991699219,-0.24945110082626343,0.5792524218559265
624,0.9754,0.9007,0,1,0.4886932373046875,0.809814453125,-0.1389007568359375,0.614112138748169,0.12517549097537994,0.47701528668403625
625,0.9386,0.7524,0,1,0.46551513671875,0.6834564208984375,-0.0724029541015625,0.4446781277656555,0.3199407160282135,0.32345476746559143
626,0.9052,0.6554,0,1,0.4742889404296875,0.6138916015625,0.0224456787109375,0.22132545709609985,0.22436679899692535,0.14052489399909973
627,0.8789,0.6154,0,1,0.48419189453125,0.6147003173828125,0.0935211181640625,-0.13841833174228668,0.09617100656032562,0.05802468582987785
628,0.8624,0.6325,0,1,0.4844512939453125,0.651580810546875,0.0700225830078125,-0.590489387512207,0.1489255577325821,-0.03237498551607132
629,0.8579,0.7016,0,1,0.5807952880859375,0.7015838623046875,-0.060028076171875,-0.8435267210006714,0.37168169021606445,-0.021270135417580605
630,0.8658,0.8131,0,1,0.5949554443359375,0.6941986083984375,-0.1209564208984375,-0.8584076762199402,0.37715446949005127,0.024387365207076073
631,0.8855,0.9546,0,1,0.5789337158203125,0.656097412109375,-0.1181488037109375,-0.8064011931419373,-0.11325598508119583,-0.0062634884379804134
632,0.9148,1.112,0,1,0.595703125,0.6414031982421875,-0.12664794921875,-0.9031335711479187,-0.5621877312660217,-0.04362497478723526
633,0.9504,1.2714,0,1,0.489349365234375,0.585052490234375,-0.1490478515625,-1.0469003915786743,-0.7371124029159546,-0.26113253831863403
634,0.988,1.4204,0,1,0.400115966796875,0.6161346435546875,-0.0992584228515625,-1.2490270137786865,-0.9045072197914124,-0.5590201616287231
635,1.0234,1.5497,0,1,0.412353515625,0.6388092041015625,-0.146209716796875,-1.447513222694397,-1.0565345287322998,-0.6223799586296082
636,1.0526,1.6535,0,1,0.5279541015625,0.66168212890625,-0.4300079345703125,-1.293049931526184,-1.1001662015914917,-0.5925480127334595
637,1.0725,1.7301,0,1,1.0751953125,0.760009765625,-1.2591552734375,0.3574462831020355,-1.8570488691329956,-0.3012559711933136
638,1.0822,1.7814,0,1,1.4239654541015625,0.72760009765625,-0.8936309814453125,1.643717885017395,-0.8397127985954285,0.4950275719165802
639,1.0824,1.8124,0,1,1.022064208984375,0.590789794921875,-0.1440887451171875,1.1772066354751587,1.1536062955856323,0.9249795079231262
640,1.0759,1.8293,0,1,0.58758544921875,0.503173828125,0.24237060546875,0.3118881285190582,1.6768516302108765,0.657514214515686
641,1.0667,1.8387,0,1,0.4697265625,0.5018463134765625,0.2007293701171875,-0.1300586611032486,1.464585781097412,0.501952588558197
642,1.0593,1.8458,0,1,0.39349365234375,0.44500732421875,-0.267486572265625,0.1961766928434372,1.176140308380127,0.42168518900871277
643,1.0577,1.8535,0,1,0.17449951171875,0.5431365966796875,-0.9405670166015625,1.763480544090271,-0.3586452305316925,0.22098617255687714
644,1.0648,1.8616,0,1,0.40789794921875,0.6672515869140625,-0.489837646484375,1.7197601795196533,-0.22353854775428772,0.41482141613960266
645,1.082,1.8672,0,1,0.6521759033203125,0.7279205322265625,0.56097412109375,-0.234669491648674,-0.22667469084262848,0.12894892692565918
646,1.1092,1.8652,0,1,0.777740478515625,0.75543212890625,0.51507568359375,-1.165960669517517,-1.8352400064468384,-0.4719960391521454
647,1.1446,1.8497,0,1,0.948883056640625,0.684478759765625,0.333892822265625,-1.716187596321106,-2.626800060272217,-0.23340289294719696
648,1.1855,1.8156,0,1,0.9487457275390625,0.5958099365234375,0.06402587890625,-1.9220837354660034,-2.012681245803833,0.3773835003376007
649,1.2281,1.76,0,1,0.9007568359375,0.554656982421875,-0.8007659912109375,-1.1036189794540405,0.7117928862571716,0.4923929274082184
650,1.2688,1.6829,0,1,0.7745208740234375,0.869354248046875,0.0300750732421875,-0.2752171754837036,1.99532151222229,0.13778582215309143
651,1.3037,1.5877,0,1,0.811737060546875,1.112548828125,0.25823974609375,-0.4256570339202881,0.8970341682434082,-0.04529797285795212
652,1.3296,1.4806,0,1,0.6497650146484375,1.334381103515625,-0.26495361328125,-0.6875858306884766,-0.17654654383659363,0.11677801609039307
653,1.3441,1.3702,0,1,0.451812744140625,1.2867279052734375,-0.17645263671875,-0.469374418258667,-1.1231615543365479,0.03850291669368744
654,1.3456,1.2667,0,1,0.464752197265625,1.13861083984375,0.1121673583984375,-0.9243768453598022,-1.8136957883834839,-0.24108079075813293
655,1.3334,1.181,0,1,0.5508880615234375,1.11724853515625,0.0082855224609375,-1.1144248247146606,-1.5483431816101074,-0.47549542784690857
656,1.3079,1.1235,0,1,0.7100372314453125,1.098297119140625,-0.1935882568359375,-0.9273004531860352,-0.6425619125366211,-0.4754003584384918
657,1.2702,1.1032,0,1,0.7664642333984375,0.95367431640625,-0.111724853515625,-0.5726131796836853,0.14684750139713287,-0.4570903182029724
658,1.222,1.126,0,1,0.7895050048828125,0.89495849609375,0.01702880859375,-0.4625532627105713,0.17453612387180328,-0.5183757543563843
659,1.1658,1.194,0,1,0.83782958984375,0.8955078125,-0.0068817138671875,-0.5371339917182922,0.23121564090251923,-0.5964431762695312
660,1.1044,1.3042,0,1,0.8333282470703125,0.8424072265625,-0.0251007080078125,-0.7449500560760498,0.43853873014450073,-0.6364582180976868
661,1.0412,1.4487,0,1,0.78216552734375,0.741119384765625,-0.0135650634765625,-0.9575837850570679,0.24752964079380035,-0.6815793514251709
662,0.9794,1.6151,0,1,0.682464599609375,0.6530303955078125,-0.06182861328125,-1.080642580986023,-0.3084625005722046,-0.7519949078559875
663,0.9225,1.7875,0,1,0.63629150390625,0.62799072265625,-0.04364013671875,-1.2359626293182373,-0.8828786611557007,-0.7793282866477966
664,0.8736,1.9486,0,1,0.6215972900390625,0.6332244873046875,0.0028228759765625,-1.568928599357605,-1.2749534845352173,-0.7129029035568237
665,0.835,2.0817,0,1,0.5532989501953125,0.599090576171875,-0.035797119140625,-1.8299405574798584,-1.5778651237487793,-0.6594335436820984
666,0.8088,2.1727,0,1,0.489044189453125,0.5695343017578125,-0.0919647216796875,-1.9252619743347168,-1.6769379377365112,-0.6428955793380737
667,0.7958,2.2119,0,1,0.4920806884765625,0.5683135986328125,-0.128387451171875,-1.901769995689392,-1.5686532258987427,-0.5892691016197205
668,0.796,2.1949,0,1,0.5455474853515625,0.5696868896484375,-0.081695556640625,-1.8179740905761719,-1.4250273704528809,-0.48516616225242615
669,0.8087,2.1231,0,1,0.5690765380859375,0.5830230712890625,-0.0527801513671875,-1.7254575490951538,-1.2596927881240845,-0.37968260049819946
670,0.8322,2.0033,0,1,0.536956787109375,0.636810302734375,-0.1027069091796875,-1.649666666984558,-0.6834390163421631,-0.2925301194190979
671,0.8642,1.8467,0,1,0.492828369140625,0.6930999755859375,-0.1113433837890625,-1.571977972984314,-0.0683276578783989,-0.33809736371040344
672,0.902,1.6678,0,1,0.515106201171875,0.732940673828125,-0.0729217529296875,-1.4101696014404297,-0.04071493819355965,-0.3865269422531128
673,0.9426,1.4824,0,1,0.49273681640625,0.782073974609375,-0.076873779296875,-1.2440462112426758,-0.22494976222515106,-0.3791790008544922
674,0.9832,1.3068,0,1,0.5010223388671875,0.8549957275390625,-0.0326690673828125,-1.1086915731430054,-0.5445181727409363,-0.3888319134712219
675,1.0212,1.1557,0,1,0.61236572265625,0.8861083984375,0.07232666015625,-1.0121524333953857,-0.8797345161437988,-0.27050524950027466
676,1.0546,1.042,0,1,0.6883392333984375,0.8733062744140625,0.1243438720703125,-0.834964394569397,-1.0681043863296509,-0.12997904419898987
677,1.0817,0.9748,0,1,0.7093048095703125,0.8070220947265625,0.1197967529296875,-0.529890775680542,-1.0146217346191406,0.046493999660015106
678,1.1019,0.9597,0,1,0.6773223876953125,0.7737884521484375,0.0762939453125,-0.21358151733875275,-0.5800164937973022,0.30098646879196167
679,1.1149,0.9972,0,1,0.600006103515625,0.83843994140625,-0.0001068115234375,0.0054730623960494995,0.16711948812007904,0.48306038975715637
680,1.1212,1.0834,0,1,0.5358428955078125,0.9994354248046875,-0.2462158203125,0.34603944420814514,0.48363059759140015,0.4983898103237152
681,1.122,1.2097,0,1,0.6305084228515625,1.0774383544921875,-0.298065185546875,0.893166720867157,-0.04809802025556564,0.5374194979667664
682,1.1185,1.3639,0,1,0.6670379638671875,0.9650421142578125,-0.2216644287109375,1.3381412029266357,-0.3838200867176056,0.5089468359947205
683,1.1124,1.5312,0,1,0.7337493896484375,0.83160400390625,-0.1343994140625,1.5661057233810425,-0.38766464591026306,0.5380783677101135
684,1.1051,1.6962,0,1,0.7513275146484375,0.7202301025390625,-0.0777587890625,1.6733118295669556,-0.36009079217910767,0.6632882356643677
685,1.0978,1.8439,0,1,0.740814208984375,0.6256103515625,-0.02886962890625,1.7327405214309692,-0.46648409962654114,0.7987546920776367
686,1.0912,1.9619,0,1,0.7423553466796875,0.5772247314453125,0.013427734375,1.6493470668792725,-0.8148348927497864,0.9227948784828186
687,1.0855,2.041,0,1,0.7659149169921875,0.6151123046875,0.0361175537109375,1.320259928703308,-1.2588785886764526,0.9927436113357544
688,1.08,2.0765,0,1,0.7514801025390625,0.722076416015625,0.1838531494140625,0.6085578799247742,-1.7249176502227783,0.9750123023986816
689,1.0741,2.0681,0,1,0.6861114501953125,0.83251953125,0.2833404541015625,-0.3085394501686096,-2.211400032043457,0.8800626397132874
690,1.0667,2.0199,0,1,0.7143096923828125,1.002960205078125,0.1172943115234375,-1.0337333679199219,-2.222850799560547,0.7212578058242798
691,1.0573,1.9395,0,1,0.7900238037109375,1.04827880859375,-0.098968505859375,-1.1108965873718262,-1.7535823583602905,0.7293927073478699
692,1.0454,1.8369,0,1,0.605621337890625,0.917755126953125,-0.03289794921875,-0.8627776503562927,-0.8408142924308777,0.7064761519432068
693,1.0314,1.723,0,1,0.4968109130859375,0.8563690185546875,-0.0142669677734375,-0.5554712414741516,-0.30506643652915955,0.5634897351264954
694,1.0158,1.6086,0,1,0.45880126953125,0.836639404296875,-0.018463134765625,-0.33223095536231995,-0.42284074425697327,0.5478615164756775
695,0.9995,1.5029,0,1,0.438507080078125,0.8020477294921875,0.022003173828125,-0.5460478663444519,-1.2657554149627686,0.6127861738204956
696,0.983,1.413,0,1,0.4181060791015625,0.7697906494140625,-0.0727691650390625,-1.047174096107483,-1.7661415338516235,0.5160532593727112
697,0.9671,1.3444,0,1,0.4603729248046875,0.7178802490234375,-0.237762451171875,-1.3929802179336548,-1.3848400115966797,0.37970978021621704
698,0.9518,1.3002,0,1,0.5486297607421875,0.6991119384765625,-0.342193603515625,-1.34687077999115,-0.5903410315513611,0.44372817873954773
699,0.9371,1.282,0,1,0.5665130615234375,0.685821533203125,-0.3167877197265625,-1.0247108936309814,0.15755580365657806,0.5363595485687256
700,0.9226,1.2898,0,1,0.5476226806640625,0.6586761474609375,-0.132659912109375,-0.8301999568939209,0.2470713108778,0.4491516947746277
701,0.9081,1.3214,0,1,0.6077728271484375,0.644256591796875,-0.0044708251953125,-0.8710126876831055,-0.2997411787509918,0.35652002692222595
702,0.8937,1.373,0,1,0.67901611328125,0.5924072265625,-0.0155181884765625,-0.975953996181488,-0.9439244270324707,0.3667644262313843
703,0.8801,1.4392,0,1,0.8329010009765625,0.5582733154296875,-0.1313629150390625,-0.9544503092765808,-1.1486551761627197,0.5399894714355469
704,0.8686,1.513,0,1,0.936920166015625,0.5312957763671875,-0.2109222412109375,-0.8259546160697937,-0.9702638983726501,0.6892362236976624
705,0.8612,1.5867,0,1,0.893035888671875,0.46954345703125,-0.1712799072265625,-0.738204300403595,-0.7999315857887268,0.7268741130828857
706,0.8603,1.6524,0,1,0.7750091552734375,0.490325927734375,-0.05645751953125,-0.9622019529342651,-0.8373420238494873,0.5638231635093689
707,0.8686,1.7033,0,1,0.707916259765625,0.5100250244140625,-0.0382537841796875,-1.265484094619751,-1.0286579132080078,0.6280487179756165
708,0.8881,1.7341,0,1,0.5501251220703125,0.5024261474609375,-0.00677490234375,-1.451966643333435,-1.326296329498291,0.5451493263244629
709,0.9199,1.7424,0,1,0.4020233154296875,0.53228759765625,0.0181427001953125,-1.5429569482803345,-1.360668420791626,0.31042978167533875
710,0.9636,1.7287,0,1,0.2969818115234375,0.56884765625,0.0445556640625,-1.5404399633407593,-1.138161301612854,0.017112674191594124
711,1.0173,1.6971,0,1,0.19744873046875,0.580780029296875,0.11895751953125,-1.5268528461456299,-0.9561057090759277,-0.34576407074928284
712,1.0774,1.6543,0,1,0.3201904296875,0.8127593994140625,0.031280517578125,-1.6633278131484985,-1.1636762619018555,-0.6378752589225769
713,1.1397,1.609,0,1,0.9909515380859375,1.476654052734375,-1.3911285400390625,0.7963951230049133,-1.5272650718688965,0.01732625998556614
714,1.1995,1.5705,0,1,0.5886993408203125,1.150299072265625,0.4424591064453125,0.5375444293022156,-0.9440969824790955,0.532741129398346
715,1.2523,1.5472,0,1,0.5045166015625,0.991058349609375,0.302764892578125,-0.8476985692977905,-0.5378613471984863,0.19269327819347382
716,1.2944,1.5448,0,1,0.5873260498046875,0.92523193359375,0.15606689453125,-1.4945124387741089,-0.08704595267772675,-0.2299964427947998
717,1.3232,1.5657,0,1,0.7691802978515625,0.9118804931640625,-0.1969757080078125,-1.2229057550430298,0.04192960634827614,-0.35214659571647644
718,1.3372,1.6083,0,1,0.9688262939453125,0.9727325439453125,-0.0100555419921875,-0.24539165198802948,-0.15024995803833008,-0.10125285387039185
719,1.3358,1.6672,0,1,0.8652801513671875,0.92999267578125,0.3256988525390625,-0.27051377296447754,-1.6241178512573242,-0.10857201367616653
720,1.3193,1.7346,0,1,0.8449554443359375,0.89056396484375,0.2956695556640625,-0.5267306566238403,-2.6753463745117188,-0.30592823028564453
721,1.2892,1.8015,0,1,0.93231201171875,0.9406890869140625,0.148712158203125,-0.9631960988044739,-2.6031494140625,-0.2974971830844879
722,1.2476,1.8591,0,1,0.9508056640625,0.926177978515625,-0.017578125,-1.3884317874908447,-1.3185970783233643,-0.1368638426065445
723,1.1971,1.9004,0,1,0.7637481689453125,0.9069366455078125,0.039337158203125,-1.6303951740264893,-0.6960325837135315,-0.05654343590140343
724,1.141,1.9208,0,1,0.6431121826171875,0.910064697265625,-0.0111083984375,-1.6219404935836792,-0.9546241760253906,-0.15949565172195435
725,1.0829,1.9182,0,1,0.5219879150390625,0.9452362060546875,-0.22845458984375,-1.2909451723098755,-1.024518370628357,-0.3111957013607025
726,1.0264,1.8931,0,1,0.461883544921875,0.93701171875,-0.1137542724609375,-1.0805203914642334,-1.257487177848816,-0.43814992904663086
727,0.9747,1.8479,0,1,0.4666748046875,0.886932373046875,-0.0465240478515625,-1.2171024084091187,-1.4754104614257812,-0.36468076705932617
728,0.9309,1.7866,0,1,0.41973876953125,0.79559326171875,-0.0978851318359375,-1.2965404987335205,-1.2683831453323364,-0.3693317174911499
729,0.8971,1.7144,0,1,0.3858795166015625,0.747283935546875,-0.144622802734375,-1.2102400064468384,-1.0237425565719604,-0.5237029194831848
730,0.8749,1.6367,0,1,0.451324462890625,0.737457275390625,-0.1134185791015625,-1.1439906358718872,-0.9196550250053406,-0.5776673555374146
731,0.8646,1.5588,0,1,0.492218017578125,0.6882171630859375,-0.08953857421875,-1.1552475690841675,-0.9942195415496826,-0.5101112127304077
732,0.8655,1.4855,0,1,0.48968505859375,0.636749267578125,-0.120086669921875,-1.1508855819702148,-0.9406694769859314,-0.4733297526836395
733,0.876,1.4206,0,1,0.5108642578125,0.6002197265625,-0.1247711181640625,-1.1029812097549438,-0.7335363030433655,-0.4719547629356384
734,0.8938,1.3665,0,1,0.520904541015625,0.614166259765625,-0.1476898193359375,-1.0353987216949463,-0.6191668510437012,-0.501502513885498
735,0.9161,1.3241,0,1,0.655059814453125,0.682891845703125,-0.1619110107421875,-0.9575440883636475,-0.5204586386680603,-0.4962393045425415
736,0.9397,1.293,0,1,0.7259521484375,0.7098541259765625,-0.14837646484375,-0.8814684748649597,-0.5458250045776367,-0.4154376685619354
737,0.9621,1.2712,0,1,0.7289276123046875,0.7265472412109375,-0.087127685546875,-0.8671915531158447,-0.8144247531890869,-0.31568047404289246
738,0.9808,1.256,0,1,0.692718505859375,0.7488250732421875,-0.08636474609375,-0.9363346695899963,-0.9060636162757874,-0.20013974606990814
739,0.9946,1.2439,0,1,0.65673828125,0.7635345458984375,-0.1328582763671875,-0.9619995355606079,-0.8177116513252258,-0.19481529295444489
740,1.003,1.2321,0,1,0.6704254150390625,0.7799530029296875,-0.129058837890625,-0.8831660151481628,-0.8512107133865356,-0.1868833303451538
741,1.0064,1.2182,0,1,0.677032470703125,0.7621307373046875,-0.0836029052734375,-0.7742211222648621,-1.0305578708648682,-0.11438330262899399
742,1.0061,1.2011,0,1,0.673187255859375,0.7445526123046875,-0.0193634033203125,-0.7528002858161926,-1.0679962635040283,-0.06544265896081924
743,1.0037,1.1814,0,1,0.6568603515625,0.7283935546875,0.04638671875,-0.80724036693573,-1.0354734659194946,-0.008205732330679893
744,1.0013,1.161,0,1,0.6622467041015625,0.714080810546875,0.0995330810546875,-0.825556755065918,-1.1361132860183716,0.10958082228899002
745,1.0008,1.1432,0,1,0.63909912109375,0.7200775146484375,0.12408447265625,-0.735661506652832,-1.1471006870269775,0.2303605079650879
746,1.0036,1.1317,0,1,0.6190185546875,0.7483978271484375,0.142913818359375,-0.6210603713989258,-0.9816174507141113,0.34493714570999146
747,1.0107,1.1303,0,1,0.5752716064453125,0.788421630859375,0.1274871826171875,-0.526452898979187,-0.5231620073318481,0.3942573070526123
748,1.0223,1.1416,0,1,0.4944915771484375,0.8416290283203125,0.1145477294921875,-0.4832358956336975,0.027038542553782463,0.35176682472229004
749,1.0378,1.1665,0,1,0.4264984130859375,0.9031219482421875,0.1001129150390625,-0.5456992983818054,0.365556925535202,0.24089676141738892
750,1.0558,1.204,0,1,0.31182861328125,0.9709320068359375,0.0364227294921875,-0.7375922799110413,0.17100130021572113,0.024503212422132492
751,1.0745,1.2513,0,1,0.2083740234375,1.006927490234375,-0.0847015380859375,-0.8296796083450317,-1.267944574356079,-0.4073296785354614
752,1.092,1.304,0,1,0.4820709228515625,1.0136871337890625,-0.1214752197265625,-0.7783330678939819,-2.263867139816284,-0.3481675684452057
753,1.1063,1.3573,0,1,0.673065185546875,0.93328857421875,-0.2774658203125,-0.49527764320373535,-1.8381621837615967,-0.04242894798517227
754,1.1156,1.4063,0,1,0.778045654296875,0.848907470703125,-0.3605194091796875,0.047033023089170456,-0.7682269215583801,0.23700934648513794
755,1.119,1.4466,0,1,0.8327178955078125,0.7999420166015625,-0.2795867919921875,0.5455096364021301,-0.10672324895858765,0.4952387809753418
756,1.1161,1.475,0,1,0.8033905029296875,0.764892578125,-0.194732666015625,0.9205546379089355,-0.23535792529582977,0.6218243837356567
757,1.1074,1.4893,0,1,0.7284088134765625,0.7576904296875,-0.1765289306640625,1.1287610530853271,-0.9264527559280396,0.5456998348236084
758,1.094,1.4891,0,1,0.626739501953125,0.8264007568359375,-0.1473388671875,1.0438978672027588,-1.4629467725753784,0.518619179725647
759,1.0774,1.4759,0,1,0.4877777099609375,0.9070281982421875,-0.1107940673828125,0.6771763563156128,-1.7597973346710205,0.3540286421775818
760,1.0595,1.4533,0,1,0.416473388671875,0.9546966552734375,-0.1291656494140625,0.24717970192432404,-1.9606099128723145,0.1695813089609146
761,1.0424,1.4263,0,1,0.4072723388671875,0.947021484375,-0.1462249755859375,0.0009408948244526982,-1.8202474117279053,0.12122416496276855
762,1.0277,1.401,0,1,0.5095367431640625,0.958465576171875,-0.1266021728515625,-0.10070210695266724,-1.240317702293396,0.32731395959854126
763,1.0169,1.3833,0,1,0.623260498046875,0.937713623046875,-0.2035064697265625,-0.008309861645102501,-0.5779781341552734,0.6837684512138367
764,1.0111,1.3775,0,1,0.548675537109375,0.8168792724609375,-0.1134033203125,0.2252427041530609,-0.1219613254070282,0.7435932159423828
765,1.0103,1.3854,0,1,0.382171630859375,0.8648681640625,0.1881256103515625,0.04608919844031334,0.6600029468536377,0.5216459035873413
766,1.014,1.4059,0,1,0.306121826171875,0.829254150390625,0.2878570556640625,-0.48384231328964233,0.8594486713409424,0.3448029160499573
767,1.0206,1.4347,0,1,0.2845306396484375,0.7632598876953125,0.2656707763671875,-1.1301946640014648,0.6190453767776489,0.2437165230512619
768,1.0281,1.4659,0,1,0.2810821533203125,0.7342071533203125,0.224884033203125,-1.7241361141204834,0.11016139388084412,0.12849245965480804
769,1.0337,1.4925,0,1,0.388702392578125,0.7596435546875,0.1245880126953125,-2.148707389831543,-0.7215507626533508,0.06430654972791672
770,1.0349,1.5084,0,1,0.8821563720703125,0.7994384765625,-0.5596160888671875,-1.503382682800293,-1.7138298749923706,0.4926011860370636
771,1.0295,1.5093,0,1,0.9718780517578125,0.7826690673828125,-0.659912109375,-0.6467385292053223,-0.6763169169425964,0.8991937041282654
772,1.0163,1.4935,0,1,0.7608184814453125,0.655242919921875,-0.3096160888671875,-0.6488690972328186,0.318710058927536,0.5894414186477661
773,0.9956,1.4622,0,1,0.742584228515625,0.6578369140625,-0.0829315185546875,-1.0550248622894287,-0.046300653368234634,0.30530452728271484
774,0.969,1.4195,0,1,0.6705780029296875,0.7005462646484375,-0.095916748046875,-1.284334421157837,-1.1531109809875488,0.36377742886543274
775,0.9394,1.3715,0,1,0.5408782958984375,0.694061279296875,-0.184844970703125,-1.003811240196228,-1.5992884635925293,0.3221125304698944
776,0.9106,1.326,0,1,0.51483154296875,0.6896820068359375,-0.172027587890625,-0.5592875480651855,-1.3921499252319336,0.3717719614505768
777,0.8869,1.291,0,1,0.5408172607421875,0.6665496826171875,-0.21380615234375,-0.11203572154045105,-1.087575912475586,0.5607985854148865
778,0.8724,1.2737,0,1,0.6219635009765625,0.59716796875,-0.2433929443359375,0.17142555117607117,-0.7942970991134644,0.7628688812255859
779,0.8706,1.2794,0,1,0.689697265625,0.53106689453125,-0.21484375,0.16090872883796692,-0.358644962310791,0.9093291759490967
780,0.8839,1.31,0,1,0.7069091796875,0.4874114990234375,-0.250885009765625,0.09226148575544357,0.17666052281856537,1.000985026359558
781,0.9132,1.3638,0,1,0.65399169921875,0.4786834716796875,-0.1459503173828125,0.0745256319642067,0.49809500575065613,1.0188167095184326
782,0.9574,1.4351,0,1,0.44757080078125,0.486328125,0.06097412109375,0.009750631637871265,0.17500697076320648,0.9021021127700806
783,1.014,1.5149,0,1,0.3770599365234375,0.5266571044921875,-0.066680908203125,0.11810053884983063,-0.4130623936653137,0.6125193238258362
784,1.0789,1.5922,0,1,0.2971954345703125,0.877838134765625,-0.9091339111328125,1.4664866924285889,-1.9033513069152832,0.15767377614974976
785,1.1467,1.6559,0,1,0.5159454345703125,1.21630859375,-0.628662109375,1.6989766359329224,-1.9594985246658325,0.0336756706237793
786,1.2121,1.6962,0,1,0.717376708984375,1.0025482177734375,0.58251953125,-0.941743016242981,0.19411994516849518,0.13776904344558716
787,1.2697,1.7066,0,1,0.64044189453125,0.913665771484375,0.4246063232421875,-2.022817850112915,-0.45640748739242554,-0.20824241638183594
788,1.3149,1.6845,0,1,0.7401123046875,0.9237823486328125,0.2803802490234375,-2.0334508419036865,-1.1234710216522217,-0.8112865090370178
789,1.3445,1.6322,0,1,1.072418212890625,1.0750579833984375,0.21221923828125,-1.8533563613891602,-1.5037107467651367,-0.6415810585021973
790,1.3566,1.5556,0,1,1.044830322265625,1.0142974853515625,-0.063262939453125,-1.4317502975463867,-1.3648107051849365,-0.06581389904022217
791,1.3506,1.4634,0,1,0.64404296875,0.94134521484375,-0.467864990234375,-0.3959774374961853,-0.34219223260879517,0.12932683527469635
792,1.3275,1.3653,0,1,0.5445404052734375,1.035980224609375,0.0302886962890625,-0.10370535403490067,-0.014852449297904968,0.07599329948425293
793,1.2894,1.2703,0,1,0.6113739013671875,1.194549560546875,0.182037353515625,-0.5309078097343445,-0.13360492885112762,0.005357481073588133
794,1.2394,1.1849,0,1,0.57275390625,1.16815185546875,0.1892242431640625,-1.1009217500686646,-0.1921505331993103,-0.07665269821882248
795,1.1811,1.1134,0,1,0.5153350830078125,1.0213623046875,0.1295166015625,-1.4046787023544312,-0.14026843011379242,-0.37665751576423645
796,1.1185,1.0569,0,1,0.5077056884765625,0.896881103515625,0.0805511474609375,-1.4747222661972046,-0.1767931431531906,-0.5365883111953735
797,1.0557,1.0147,0,1,0.5373687744140625,0.8759002685546875,-0.10711669921875,-1.2041616439819336,-0.21363557875156403,-0.6142802238464355
798,0.9965,0.9848,0,1,0.532135009765625,0.8901519775390625,-0.10186767578125,-0.832133412361145,-0.31671616435050964,-0.6801460385322571
799,0.9443,0.9646,0,1,0.6079559326171875,0.869384765625,-0.03857421875,-0.7426043748855591,-0.3249647617340088,-0.5911397337913513
800,0.9018,0.951,0,1,0.572662353515625,0.7495269775390625,-0.0299835205078125,-0.7711848616600037,-0.12416855245828629,-0.45366737246513367
801,0.8709,0.9412,0,1,0.5069122314453125,0.6237030029296875,-0.0248870849609375,-0.7604062557220459,0.02261902578175068,-0.4232117235660553
802,0.8525,0.9325,0,1,0.462127685546875,0.5537872314453125,-0.0441741943359375,-0.6962440609931946,0.10725561529397964,-0.4281894266605377
803,0.8464,0.9223,0,1,0.4716033935546875,0.563079833984375,-0.062835693359375,-0.5847974419593811,0.221706822514534,-0.3925033509731293
804,0.8515,0.9081,0,1,0.526092529296875,0.62823486328125,-0.0682830810546875,-0.44593673944473267,0.4193456172943115,-0.2804449796676636
805,0.8658,0.8876,0,1,0.5506744384765625,0.680877685546875,-0.07415771484375,-0.3221958875656128,0.6766312122344971,-0.20905521512031555
806,0.8868,0.8594,0,1,0.5821380615234375,0.7358551025390625,-0.0646514892578125,-0.26439303159713745,0.9163306355476379,-0.20355525612831116
807,0.9117,0.8229,0,1,0.61749267578125,0.7606353759765625,-0.066497802734375,-0.23604342341423035,1.0173262357711792,-0.29693180322647095
808,0.9381,0.7789,0,1,0.672698974609375,0.7756805419921875,-0.1006317138671875,-0.19567681849002838,1.0009424686431885,-0.3840685784816742
809,0.9638,0.7297,0,1,0.7060699462890625,0.765625,-0.0913848876953125,-0.13149571418762207,0.8430569171905518,-0.3411424160003662
810,0.9872,0.679,0,1,0.665283203125,0.7148590087890625,-0.0870208740234375,-0.0435597263276577,0.5349395871162415,-0.3118308484554291
811,1.0074,0.6318,0,1,0.6324615478515625,0.7052459716796875,-0.025421142578125,0.010096576064825058,0.10423798859119415,-0.3052520453929901
812,1.024,0.5939,0,1,0.675201416015625,0.729400634765625,0.0041351318359375,-0.007128483150154352,-0.244139164686203,-0.23373153805732727
813,1.0374,0.571,0,1,0.7014923095703125,0.726837158203125,0.0677337646484375,-0.03287539258599281,-0.3934074938297272,-0.21550245583057404
814,1.0481,0.5686,0,1,0.7215423583984375,0.7163543701171875,0.1221771240234375,-0.026066487655043602,-0.7346452474594116,-0.16051962971687317
815,1.0569,0.5912,0,1,0.70709228515625,0.724334716796875,0.1282806396484375,-0.025827068835496902,-0.9754099249839783,-0.10561111569404602
816,1.0646,0.6421,0,1,0.7624664306640625,0.79595947265625,0.1418609619140625,-0.06363383680582047,-0.9400814771652222,0.017962755635380745
817,1.0719,0.7226,0,1,0.7879486083984375,0.842559814453125,0.14630126953125,-0.09845573455095291,-0.7498854398727417,0.21211199462413788
818,1.0796,0.8316,0,1,0.7314605712890625,0.8194732666015625,0.125396728515625,-0.08148793131113052,-0.31816038489341736,0.28649941086769104
819,1.0879,0.9654,0,1,0.670806884765625,0.792236328125,0.121978759765625,-0.04694407433271408,0.267413854598999,0.2767253518104553
820,1.0968,1.1175,0,1,0.63275146484375,0.771148681640625,0.1251068115234375,-0.047997087240219116,0.8088656663894653,0.2562970221042633
821,1.1059,1.2785,0,1,0.58551025390625,0.76849365234375,0.099456787109375,-0.13330478966236115,1.2651524543762207,0.269952654838562
822,1.1146,1.4371,0,1,0.5136871337890625,0.8331756591796875,-0.0186767578125,-0.3928855061531067,1.9733842611312866,0.2834058701992035
823,1.1219,1.5811,0,1,0.59478759765625,1.03594970703125,-0.6797027587890625,-0.06166096776723862,1.267496943473816,0.24829715490341187
824,1.1266,1.6984,0,1,0.749176025390625,0.994171142578125,-0.506744384765625,1.1749619245529175,-0.7050721645355225,0.4613945186138153
825,1.1279,1.7787,0,1,0.6716461181640625,0.8461456298828125,-0.2624664306640625,1.7245001792907715,-0.6050374507904053,0.6437483429908752
826,1.1249,1.8143,0,1,0.6027069091796875,0.77166748046875,-0.1497344970703125,1.8803818225860596,0.05952724069356918,0.7635029554367065
827,1.1172,1.801,0,1,0.5956573486328125,0.7995452880859375,-0.1232452392578125,1.9607510566711426,0.2967062294483185,0.8382996916770935
828,1.1046,1.739,0,1,0.525787353515625,0.8981475830078125,-0.0346832275390625,1.940928339958191,0.21699249744415283,0.7271934151649475
829,1.0874,1.6327,0,1,0.4876556396484375,1.0172119140625,0.03973388671875,1.7217661142349243,0.2269205003976822,0.5367979407310486
830,1.0661,1.4901,0,1,0.4602203369140625,1.0777587890625,0.0910491943359375,1.3489153385162354,0.31717556715011597,0.411992609500885
831,1.0418,1.3221,0,1,0.4410552978515625,1.0595550537109375,0.0776519775390625,0.9177865386009216,0.18653978407382965,0.3270942270755768
832,1.0159,1.1408,0,1,0.4373931884765625,0.9596099853515625,-0.0341339111328125,0.6934890151023865,0.023854466155171394,0.2216048240661621
833,0.9901,0.959,0,1,0.4647674560546875,0.87017822265625,-0.1014862060546875,0.6790820956230164,0.06135709956288338,0.13199637830257416
834,0.9661,0.7881,0,1,0.43597412109375,0.826995849609375,-0.066131591796875,0.6190863847732544,0.4367520213127136,0.04154078662395477
835,0.9455,0.6381,0,1,0.423858642578125,0.780853271484375,-0.0265045166015625,0.43076416850090027,0.7312861680984497,-0.05169488489627838
836,0.9297,0.5165,0,1,0.4224700927734375,0.7149810791015625,-0.0196533203125,0.24186348915100098,0.6951771974563599,-0.11124769598245621
837,0.9192,0.4282,0,1,0.4434814453125,0.67431640625,-0.0276031494140625,0.1829061657190323,0.41698870062828064,-0.16888995468616486
838,0.9143,0.3754,0,1,0.51385498046875,0.6724700927734375,-0.0571441650390625,0.2915210723876953,0.07486758381128311,-0.20134349167346954
839,0.9145,0.3577,0,1,0.636505126953125,0.72381591796875,-0.0717620849609375,0.3390664756298065,-0.0867849588394165,-0.14013926684856415
840,0.9189,0.3718,0,1,0.7142333984375,0.748046875,-0.105926513671875,0.22860361635684967,0.09527991712093353,-0.024934643879532814
841,0.9265,0.4119,0,1,0.6756439208984375,0.7510833740234375,-0.141998291015625,0.1431094855070114,0.3270135521888733,-0.0018738001817837358
842,0.9361,0.4703,0,1,0.5920257568359375,0.7754058837890625,-0.1592559814453125,0.1547698676586151,0.33106687664985657,-0.04140975698828697
843,0.9467,0.5377,0,1,0.5226593017578125,0.769073486328125,-0.1880645751953125,0.23692066967487335,0.21002887189388275,-0.09327349066734314
844,0.9574,0.604,0,1,0.5039825439453125,0.7459716796875,-0.234161376953125,0.394094854593277,0.1145060732960701,-0.16074015200138092
845,0.9676,0.6598,0,1,0.545196533203125,0.700531005859375,-0.26556396484375,0.6355492472648621,0.02020886540412903,-0.19242137670516968
846,0.9766,0.6968,0,1,0.636016845703125,0.65277099609375,-0.246185302734375,0.8560140132904053,-0.07939788699150085,-0.14433054625988007
847,0.9837,0.7095,0,1,0.7399139404296875,0.614471435546875,-0.20654296875,0.9520310759544373,-0.1490347534418106,-0.04784715175628662
848,0.9885,0.696,0,1,0.7729034423828125,0.568023681640625,-0.1728515625,0.8964482545852661,-0.1305401623249054,0.05621533468365669
849,0.9902,0.6581,0,1,0.7647552490234375,0.5012054443359375,-0.1591033935546875,0.7461043000221252,-0.07307714223861694,0.12207184731960297
850,0.9886,0.602,0,1,0.727569580078125,0.4641265869140625,-0.13800048828125,0.6129595637321472,-0.09455233812332153,0.11533670872449875
851,0.9836,0.5376,0,1,0.73870849609375,0.4897308349609375,-0.1584014892578125,0.49422410130500793,-0.22808030247688293,0.05443980544805527
852,0.9754,0.4773,0,1,0.8131103515625,0.6075592041015625,-0.27630615234375,0.48397278785705566,-0.3031526803970337,0.0686861202120781
853,0.965,0.4352,0,1,0.891082763671875,0.68280029296875,-0.2974090576171875,0.5790711045265198,-0.21336820721626282,0.20393049716949463
854,0.9542,0.425,0,1,0.8323211669921875,0.6841583251953125,-0.2210235595703125,0.4990510940551758,-0.21314556896686554,0.23381675779819489
855,0.9455,0.4584,0,1,0.77960205078125,0.638092041015625,-0.1809844970703125,0.1963689774274826,-0.14147724211215973,0.05739618092775345
856,0.9418,0.5435,0,1,0.726043701171875,0.612152099609375,-0.244842529296875,-0.2746557891368866,0.16756317019462585,-0.11953625082969666
857,0.9464,0.6831,0,1,0.716278076171875,0.551544189453125,-0.4962615966796875,-0.4491461217403412,0.20012323558330536,-0.07712700963020325
858,0.9619,0.8741,0,1,0.7227325439453125,0.4749908447265625,-0.5831451416015625,-0.09086332470178604,-0.12584900856018066,0.2641448378562927
859,0.9902,1.1072,0,1,0.5879669189453125,0.3608551025390625,-0.34326171875,0.1630437821149826,-0.22525815665721893,0.645712673664093
860,1.0314,1.3675,0,1,0.3681640625,0.221588134765625,-0.4388275146484375,-0.4438035488128662,0.29878750443458557,0.7566120624542236
861,1.084,1.6365,0,1,0.1639862060546875,0.62109375,-0.0330657958984375,-1.2496955394744873,-0.32831236720085144,0.4095504879951477
862,1.1447,1.8938,0,1,0.4747467041015625,0.967041015625,0.365692138671875,-1.7398651838302612,-1.2000387907028198,-0.11098697036504745
863,1.2087,2.1204,0,1,0.6214599609375,1.3255462646484375,0.4458465576171875,-2.0851986408233643,-2.0830330848693848,-0.5758012533187866
864,1.2704,2.3006,0,1,0.7318572998046875,1.586151123046875,0.426177978515625,-2.4562318325042725,-2.08805775642395,-0.8311589956283569
865,1.3239,2.4244,0,1,0.5673980712890625,1.286895751953125,0.150360107421875,-2.5209903717041016,-1.3787776231765747,-0.7944654226303101
866,1.3642,2.4881,0,1,0.295684814453125,0.9393463134765625,-0.86541748046875,-0.38901352882385254,-2.630460262298584,-0.8379037380218506
867,1.3869,2.4941,0,1,0.33575439453125,1.0088958740234375,0.10052490234375,0.13147972524166107,-2.462094306945801,-0.9157862663269043
868,1.3894,2.45,0,1,0.517852783203125,1.1737518310546875,0.0232391357421875,-0.43788066506385803,-0.7221826910972595,-0.6684132218360901
869,1.3704,2.3665,0,1,0.695281982421875,1.17657470703125,-0.0711212158203125,-1.0318784713745117,1.245915412902832,-0.11291296780109406
870,1.3304,2.2558,0,1,0.848297119140625,1.1865692138671875,-0.1675872802734375,-0.9653497934341431,2.1982901096343994,0.411467969417572
871,1.2717,2.1295,0,1,0.8655242919921875,1.190155029296875,-0.05047607421875,-0.4841086268424988,2.1295125484466553,0.8077809810638428
872,1.1981,1.9982,0,1,0.7147674560546875,1.0491943359375,0.0339508056640625,-0.22488264739513397,1.8595428466796875,0.6884889006614685
873,1.1152,1.8702,0,1,0.54473876953125,0.8436126708984375,-0.0481109619140625,-0.17950505018234253,1.6866896152496338,-0.05654636770486832
874,1.0293,1.7516,0,1,0.5168914794921875,0.7549285888671875,-0.09600830078125,-0.38080647587776184,1.532212495803833,-0.9268575310707092
875,0.9474,1.6466,0,1,0.6275177001953125,0.8178253173828125,0.021575927734375,-0.8760694861412048,1.004561185836792,-1.1195145845413208
876,0.8766,1.5571,0,1,0.581573486328125,0.7698516845703125,-0.004730224609375,-1.2524545192718506,0.06969013065099716,-0.9736527800559998
877,0.8231,1.484,0,1,0.4419097900390625,0.6748199462890625,-0.1555023193359375,-1.2981938123703003,-0.5208064317703247,-0.9453995227813721
878,0.7921,1.4268,0,1,0.3753662109375,0.62164306640625,-0.2664031982421875,-1.1139558553695679,-0.4289231300354004,-0.9445465207099915
879,0.7867,1.3847,0,1,0.4041290283203125,0.5964202880859375,-0.2569122314453125,-0.7997123599052429,0.12094799429178238,-0.89825040102005
880,0.808,1.3562,0,1,0.46923828125,0.5626983642578125,-0.215911865234375,-0.39574360847473145,0.6577935814857483,-0.7824886441230774
881,0.8542,1.3402,0,1,0.5578460693359375,0.50732421875,-0.15679931640625,-0.025195367634296417,1.1246262788772583,-0.5675121545791626
882,0.9212,1.3354,0,1,0.6172637939453125,0.48895263671875,-0.0828094482421875,0.1933140754699707,1.5104730129241943,-0.18180601298809052
883,1.0027,1.3409,0,1,0.6346893310546875,0.4492950439453125,-0.0649261474609375,0.3430479168891907,1.6401383876800537,0.3313409090042114
884,1.0904,1.356,0,1,0.644287109375,0.439971923828125,-0.0915985107421875,0.5051822066307068,1.5776861906051636,0.6871187090873718
885,1.1754,1.3799,0,1,0.834503173828125,0.6033782958984375,0.015411376953125,0.6879730820655823,1.0106501579284668,0.597809374332428
886,1.2491,1.4116,0,1,1.334320068359375,0.9852142333984375,0.29833984375,0.6155731678009033,-0.04892173781991005,0.8695998787879944
887,1.3041,1.4491,0,1,1.3514404296875,1.1016845703125,0.3010406494140625,0.2515060007572174,-1.0825603008270264,1.012937307357788
888,1.3356,1.4894,0,1,1.0293121337890625,1.1983642578125,-0.1191253662109375,-0.1973913609981537,-0.24422092735767365,0.6055982708930969
889,1.3417,1.5279,0,1,0.5891265869140625,1.186431884765625,-0.9149627685546875,0.5323488712310791,0.2406379133462906,0.20643679797649384
890,1.3232,1.5591,0,1,0.49017333984375,1.1244659423828125,-0.542266845703125,1.6654913425445557,-1.4843522310256958,0.04394908249378204
891,1.2841,1.5773,0,1,0.4219207763671875,1.0298919677734375,-0.208953857421875,1.6534498929977417,-1.522739052772522,0.21331360936164856
892,1.2297,1.5776,0,1,0.2926788330078125,0.912689208984375,-0.0208587646484375,1.3805861473083496,-0.9860164523124695,0.21208323538303375
893,1.1664,1.5566,0,1,0.21160888671875,0.820220947265625,0.0433349609375,1.254127860069275,-0.6202877759933472,0.008988169021904469
894,1.1006,1.5138,0,1,0.283203125,0.829345703125,0.106597900390625,1.2372537851333618,-0.5459735989570618,-0.13254126906394958
895,1.0377,1.4512,0,1,0.444244384765625,0.90911865234375,0.12664794921875,1.2472020387649536,-0.8756955862045288,0.07714778184890747
896,0.9821,1.3742,0,1,0.52508544921875,0.944183349609375,0.0749359130859375,1.247612714767456,-1.236942172050476,0.45851802825927734
897,0.9367,1.2906,0,1,0.5673370361328125,0.947723388671875,-0.0203857421875,1.2258775234222412,-1.0982780456542969,0.6514376997947693
898,0.9032,1.21,0,1,0.5716400146484375,0.9046173095703125,-0.0505523681640625,0.9731091856956482,-0.2822772264480591,0.6806983947753906
899,0.8821,1.1425,0,1,0.533203125,0.7593536376953125,-0.0051727294921875,0.5209792852401733,0.3366171717643738,0.6785215139389038
900,0.8728,1.0975,0,1,0.479644775390625,0.650482177734375,0.015472412109375,0.17378483712673187,0.2985835075378418,0.6782283186912537
901,0.8742,1.0824,0,1,0.42474365234375,0.625335693359375,0.0457916259765625,-0.1307028830051422,-0.056168463081121445,0.5548408627510071
902,0.8842,1.1009,0,1,0.451263427734375,0.669342041015625,0.0522003173828125,-0.5301805138587952,-0.31842032074928284,0.3787885904312134
903,0.9006,1.1532,0,1,0.4831390380859375,0.7315521240234375,0.0299530029296875,-1.0179016590118408,-0.44129085540771484,0.19607922434806824
904,0.9206,1.2356,0,1,0.565277099609375,0.7674560546875,-0.0269012451171875,-1.4298962354660034,-0.5147408246994019,0.11404481530189514
905,0.9418,1.341,0,1,0.6545257568359375,0.7610931396484375,-0.1549072265625,-1.5870405435562134,-0.6225437521934509,0.182384192943573
906,0.9618,1.4595,0,1,0.7473297119140625,0.73095703125,-0.290313720703125,-1.415985107421875,-0.6322751641273499,0.40517759323120117
907,0.9787,1.5803,0,1,0.626068115234375,0.6812896728515625,-0.24822998046875,-1.1384649276733398,-0.7483330965042114,0.28866907954216003
908,0.9912,1.6915,0,1,0.613494873046875,0.700897216796875,-0.1332244873046875,-1.0935770273208618,-1.0732110738754272,0.11991308629512787
909,0.9987,1.7824,0,1,0.62933349609375,0.7591552734375,-0.096710205078125,-1.255317211151123,-1.3123130798339844,0.1798374056816101
910,1.0009,1.8437,0,1,0.63250732421875,0.783111572265625,-0.155303955078125,-1.3002164363861084,-1.216542363166809,0.19106796383857727
911,0.9984,1.8687,0,1,0.6003265380859375,0.76763916015625,-0.1673431396484375,-1.2534748315811157,-1.0605535507202148,0.14845284819602966
912,0.9921,1.8542,0,1,0.5788116455078125,0.776092529296875,-0.159759521484375,-1.2409347295761108,-1.1538904905319214,0.11702276021242142
913,0.9829,1.8012,0,1,0.6176605224609375,0.8008575439453125,-0.19537353515625,-1.2009927034378052,-1.5290940999984741,0.2122294306755066
914,0.9724,1.7152,0,1,0.632659912109375,0.7588043212890625,-0.33148193359375,-0.9628301858901978,-1.9825642108917236,0.3010410666465759
915,0.9616,1.6059,0,1,0.5201873779296875,0.654083251953125,-0.2494049072265625,-0.8383553624153137,-2.068510055541992,0.20423968136310577
916,0.9518,1.4867,0,1,0.4761962890625,0.61419677734375,-0.1782989501953125,-1.0510375499725342,-1.6874369382858276,0.09689485281705856
917,0.9439,1.3735,0,1,0.4895477294921875,0.6449737548828125,-0.2559051513671875,-1.0765926837921143,-1.2394119501113892,0.1291649043560028
918,0.9386,1.2823,0,1,0.5233001708984375,0.7996368408203125,-0.26409912109375,-0.6312868595123291,-0.6081176400184631,0.1591169536113739
919,0.9366,1.2269,0,1,0.6032257080078125,0.8492431640625,0.0349578857421875,-0.13972993195056915,-0.21674083173274994,0.3151787221431732
920,0.9384,1.2174,0,1,0.5427093505859375,0.9900360107421875,0.0955352783203125,-0.19724276661872864,-0.15217195451259613,0.308323472738266
921,0.9445,1.2579,0,1,0.27435302734375,0.9124603271484375,-0.536773681640625,-0.3347172737121582,0.9650278091430664,0.18547505140304565
922,0.9551,1.3462,0,1,0.423492431640625,0.5811004638671875,-0.092926025390625,-0.19105544686317444,0.7363640069961548,0.0786101222038269
923,0.9708,1.4743,0,1,0.6457977294921875,0.5455780029296875,0.269317626953125,-0.5969864130020142,-0.8329771161079407,0.374332070350647
924,0.9914,1.6296,0,1,0.7343902587890625,0.4768218994140625,0.286407470703125,-0.9267518520355225,-2.4389538764953613,0.6944541335105896
925,1.0168,1.7969,0,1,0.888885498046875,0.4474639892578125,0.0228729248046875,-0.9484297037124634,-2.7975614070892334,0.9187772274017334
926,1.0463,1.9607,0,1,0.9396820068359375,0.4791717529296875,-0.1355133056640625,-0.7461103796958923,-1.4555267095565796,0.9246521592140198
927,1.0789,2.1069,0,1,0.9388580322265625,0.7004852294921875,0.123504638671875,-0.8817755579948425,-0.9302791953086853,0.5197939276695251
928,1.1132,2.2242,0,1,0.9595794677734375,0.843505859375,0.2336883544921875,-1.273869276046753,-1.3148891925811768,0.6571301817893982
929,1.1477,2.3054,0,1,0.7774200439453125,0.8426361083984375,0.185333251953125,-1.569684386253357,-1.895050048828125,0.8421602249145508
930,1.1806,2.3471,0,1,0.5601806640625,0.805877685546875,0.0821075439453125,-1.6118707656860352,-2.1544394493103027,0.7895494699478149
931,1.2098,2.3505,0,1,0.5146942138671875,0.9031219482421875,0.0929718017578125,-1.5194063186645508,-2.138800621032715,0.5194751620292664
932,1.2334,2.3203,0,1,0.5923614501953125,1.0374603271484375,0.1207275390625,-1.4228971004486084,-2.0245144367218018,0.29136499762535095
933,1.2492,2.2638,0,1,0.644134521484375,1.103973388671875,0.1221923828125,-1.3731240034103394,-1.7372572422027588,0.20604051649570465
934,1.2554,2.1899,0,1,0.6333770751953125,1.1301422119140625,0.0184326171875,-1.2788864374160767,-1.3377872705459595,0.1954086422920227
935,1.2508,2.1074,0,1,0.7006988525390625,1.14044189453125,-0.074249267578125,-1.0726581811904907,-1.0793174505233765,0.10759516805410385
936,1.2348,2.0238,0,1,0.80438232421875,1.0765533447265625,0.000274658203125,-1.0460779666900635,-1.15700101852417,-0.015293735079467297
937,1.2079,1.9445,0,1,0.7938690185546875,0.9444122314453125,0.008880615234375,-1.235379934310913,-1.3135663270950317,-0.07674191892147064
938,1.1714,1.8725,0,1,0.7413177490234375,0.89129638671875,-0.03411865234375,-1.4409948587417603,-1.415834665298462,-0.05247359350323677
939,1.1275,1.8084,0,1,0.65814208984375,0.881134033203125,-0.072509765625,-1.5279239416122437,-1.4260811805725098,-0.10320708155632019
940,1.079,1.7512,0,1,0.6370849609375,0.8816070556640625,-0.0240936279296875,-1.5938997268676758,-1.3275660276412964,-0.200354665517807
941,1.0293,1.6987,0,1,0.6038360595703125,0.8432769775390625,-0.014312744140625,-1.6328823566436768,-1.1279875040054321,-0.2531891167163849
942,0.9818,1.6485,0,1,0.5203399658203125,0.8030853271484375,-0.0872650146484375,-1.551343560218811,-0.7517339587211609,-0.31207534670829773
943,0.9396,1.5979,0,1,0.427886962890625,0.76141357421875,-0.1530609130859375,-1.3226895332336426,-0.44235238432884216,-0.3987833261489868
944,0.9054,1.5446,0,1,0.4375152587890625,0.7254791259765625,-0.1072998046875,-1.1311779022216797,-0.3692627251148224,-0.4017349183559418
945,0.8811,1.4867,0,1,0.4653778076171875,0.7211456298828125,-0.0708465576171875,-1.0613384246826172,-0.381914883852005,-0.4402937591075897
946,0.8679,1.4228,0,1,0.498504638671875,0.7340850830078125,-0.0718841552734375,-1.1036722660064697,-0.3682486116886139,-0.5181435346603394
947,0.866,1.3523,0,1,0.50537109375,0.726165771484375,-0.1016693115234375,-1.1864651441574097,-0.32360389828681946,-0.594002366065979
948,0.8746,1.2754,0,1,0.50225830078125,0.6838226318359375,-0.11859130859375,-1.2104804515838623,-0.44643208384513855,-0.6362294554710388
949,0.8924,1.1942,0,1,0.5110321044921875,0.6602325439453125,-0.1627349853515625,-1.1946532726287842,-0.5759394764900208,-0.6450653076171875
950,0.9174,1.1117,0,1,0.548309326171875,0.6813812255859375,-0.1959075927734375,-1.1826711893081665,-0.47667840123176575,-0.6079698204994202
951,0.9474,1.0329,0,1,0.5937042236328125,0.7102813720703125,-0.2217864990234375,-1.0763607025146484,-0.3357604146003723,-0.5384906530380249
952,0.9799,0.9636,0,1,0.62408447265625,0.732818603515625,-0.2674407958984375,-0.8651672601699829,-0.2159557342529297,-0.4317450225353241
953,1.0124,0.91,0,1,0.7099151611328125,0.7571258544921875,-0.2034454345703125,-0.5526953935623169,-0.15506388247013092,-0.2475685179233551
954,1.0431,0.8779,0,1,0.8669891357421875,0.8051910400390625,-0.036651611328125,-0.25060558319091797,-0.33232149481773376,0.09231209009885788
955,1.0703,0.8718,0,1,0.8597259521484375,0.778594970703125,0.12481689453125,-0.06425248831510544,-0.7733771800994873,0.4935644268989563
956,1.0927,0.8939,0,1,0.71539306640625,0.6745147705078125,0.1388397216796875,0.014164022170007229,-1.0606555938720703,0.5921440124511719
957,1.1098,0.9441,0,1,0.617584228515625,0.70196533203125,0.083526611328125,-0.13652881979942322,-0.8396443724632263,0.3741608262062073
958,1.121,1.0195,0,1,0.616485595703125,0.8339996337890625,0.061920166015625,-0.5376166105270386,-0.19468532502651215,0.3106028735637665
959,1.1265,1.1145,0,1,0.556396484375,0.9511566162109375,0.033172607421875,-0.8507377505302429,0.23288917541503906,0.17537927627563477
960,1.1264,1.2216,0,1,0.4234771728515625,1.120025634765625,-0.1563720703125,-0.7604555487632751,-0.13056227564811707,-0.12632492184638977
961,1.1211,1.332,0,1,0.4601287841796875,1.1961212158203125,-0.3312530517578125,-0.2236701101064682,-1.4684723615646362,-0.36516278982162476
962,1.1114,1.4365,0,1,0.63128662109375,0.9527435302734375,-0.405670166015625,0.40911853313446045,-2.0268685817718506,-0.03408020734786987
963,1.0982,1.527,0,1,0.637237548828125,0.7619781494140625,-0.376556396484375,0.9381062388420105,-1.3869503736495972,0.19181710481643677
964,1.0825,1.5974,0,1,0.62225341796875,0.6567230224609375,-0.2239227294921875,1.1690996885299683,-0.8259349465370178,0.3458404839038849
965,1.065,1.6443,0,1,0.6330413818359375,0.6558074951171875,-0.16156005859375,1.2496310472488403,-0.9492121338844299,0.43006429076194763
966,1.0467,1.6673,0,1,0.656982421875,0.70428466796875,-0.1051788330078125,1.1678060293197632,-1.41379976272583,0.47202959656715393
967,1.028,1.669,0,1,0.6527862548828125,0.752716064453125,-0.03631591796875,0.8320655226707458,-1.6652522087097168,0.48810362815856934
968,1.0094,1.6546,0,1,0.64239501953125,0.823822021484375,0.029937744140625,0.41039976477622986,-1.519223928451538,0.5007424354553223
969,0.9913,1.6311,0,1,0.6562957763671875,0.931915283203125,0.02972412109375,0.0948687195777893,-1.1688952445983887,0.5546296834945679
970,0.9745,1.6067,0,1,0.6816558837890625,0.891082763671875,-0.035736083984375,0.08862999826669693,-1.0260193347930908,0.637196958065033
971,0.9597,1.5894,0,1,0.692352294921875,0.7577362060546875,-0.04632568359375,0.17383117973804474,-1.4388982057571411,0.7523214221000671
972,0.9481,1.5864,0,1,0.6553497314453125,0.6628570556640625,-0.0357818603515625,0.05627339333295822,-1.747617483139038,0.7466691136360168
973,0.9408,1.6033,0,1,0.6677093505859375,0.6261749267578125,-0.04425048828125,-0.25367939472198486,-1.5800210237503052,0.7439729571342468
974,0.9387,1.6434,0,1,0.64520263671875,0.608062744140625,-0.016510009765625,-0.6842079162597656,-1.1852904558181763,0.7029309868812561
975,0.9425,1.7077,0,1,0.606201171875,0.6345062255859375,0.0373992919921875,-1.0977110862731934,-0.9058265686035156,0.642719030380249
976,0.9521,1.7941,0,1,0.5488739013671875,0.6759796142578125,0.0543670654296875,-1.402606725692749,-0.7525666952133179,0.5747418403625488
977,0.9667,1.8977,0,1,0.5328521728515625,0.729217529296875,0.037506103515625,-1.5651525259017944,-0.7299119830131531,0.5532613396644592
978,0.9847,2.0108,0,1,0.528289794921875,0.776123046875,0.0274658203125,-1.6115059852600098,-0.8470849394798279,0.5829523801803589
979,1.0039,2.1239,0,1,0.5202789306640625,0.8322296142578125,0.034332275390625,-1.682111382484436,-0.994414746761322,0.5822575688362122
980,1.0218,2.2261,0,1,0.538970947265625,0.8762969970703125,0.0355072021484375,-1.8656508922576904,-1.0546234846115112,0.5029283761978149
981,1.0359,2.3064,0,1,0.59185791015625,0.8962554931640625,-0.0476226806640625,-2.0904667377471924,-0.9497389197349548,0.4195634424686432
982,1.0442,2.3547,0,1,0.6329498291015625,0.91387939453125,-0.1361083984375,-2.26301908493042,-0.8040197491645813,0.3705540895462036
983,1.0452,2.363,0,1,0.6393585205078125,0.904205322265625,-0.17633056640625,-2.366711139678955,-0.8416606187820435,0.30187997221946716
984,1.0387,2.3265,0,1,0.640472412109375,0.8892974853515625,-0.233489990234375,-2.3044354915618896,-1.0389686822891235,0.23527216911315918
985,1.0252,2.2441,0,1,0.641326904296875,0.842071533203125,-0.279510498046875,-2.0008091926574707,-1.221246361732483,0.22675271332263947
986,1.0064,2.1187,0,1,0.6298828125,0.7845306396484375,-0.2830657958984375,-1.609650731086731,-1.2602030038833618,0.2958891689777374
987,0.9847,1.9573,0,1,0.570098876953125,0.7392425537109375,-0.235687255859375,-1.2774735689163208,-1.2932124137878418,0.36631113290786743
988,0.9629,1.7705,0,1,0.528076171875,0.6841583251953125,-0.2116241455078125,-1.000548243522644,-1.3924462795257568,0.3991180956363678
989,0.9438,1.5715,0,1,0.501556396484375,0.6523590087890625,-0.2891387939453125,-0.6214185357093811,-1.5450185537338257,0.38165122270584106
990,0.9295,1.3753,0,1,0.433441162109375,0.7296600341796875,-0.2772674560546875,-0.21976271271705627,-1.5418224334716797,0.25229936838150024
991,0.9216,1.1973,0,1,0.353485107421875,0.7685089111328125,-0.28106689453125,0.057260092347860336,-1.347379446029663,0.14349085092544556
992,0.9207,1.0521,0,1,0.341522216796875,0.7338409423828125,-0.26898193359375,0.26341378688812256,-0.8166943192481995,0.1828792691230774
993,0.9264,0.9518,0,1,0.336395263671875,0.6427764892578125,-0.196563720703125,0.3854885697364807,-0.08078113198280334,0.08628881722688675
994,0.9377,0.9051,0,1,0.4791259765625,0.5966339111328125,-0.1735382080078125,0.47637027502059937,0.5434536933898926,-0.03534121438860893
995,0.9529,0.9162,0,1,0.862335205078125,0.640594482421875,-0.249908447265625,0.8071556687355042,0.8216155767440796,0.13353942334651947
996,0.9703,0.9841,0,1,1.1540374755859375,0.741058349609375,-0.0385894775390625,1.0386192798614502,0.7386854887008667,0.6797249913215637
997,0.9886,1.1027,0,1,0.9942626953125,0.610198974609375,0.1204376220703125,0.6638213992118835,0.8000141382217407,0.967596173286438
998,1.0068,1.2608,0,1,0.629364013671875,0.454315185546875,0.2839508056640625,-0.1760392040014267,0.5699100494384766,0.4055059552192688
999,1.0248,1.4424,0,1,0.6179046630859375,0.47601318359375,-0.026519775390625,-0.7558192014694214,-0.1336856186389923,0.19363097846508026
1000,1.0429,1.6285,0,1,0.522064208984375,0.57965087890625,-1.115753173828125,0.5950159430503845,-1.3785171508789062,0.2671954929828644
1001,1.0619,1.7984,0,1,0.6067352294921875,0.673675537109375,-0.1984405517578125,0.5929411053657532,-0.8874254822731018,0.36767175793647766
1002,1.0827,1.9318,0,1,0.542572021484375,0.670562744140625,0.5110321044921875,-1.060476303100586,-0.3231346607208252,0.1722697764635086
1003,1.1062,2.0117,0,1,0.6098175048828125,0.7773284912109375,0.4874114990234375,-2.025604009628296,-1.1707288026809692,-0.5522685050964355
1004,1.1328,2.0272,0,1,0.778900146484375,0.884796142578125,0.3711700439453125,-2.4524760246276855,-1.9225026369094849,-0.6955468058586121
1005,1.1624,1.9755,0,1,0.7451629638671875,0.901519775390625,0.229736328125,-2.528024196624756,-2.2239737510681152,-0.44352126121520996
1006,1.1941,1.8634,0,1,0.62005615234375,0.90594482421875,0.0955047607421875,-2.2593424320220947,-1.9021366834640503,-0.2507888078689575
1007,1.2265,1.7065,0,1,0.474395751953125,0.929351806640625,0.0127105712890625,-1.8085359334945679,-1.2306299209594727,-0.31570708751678467
1008,1.2571,1.5276,0,1,0.409149169921875,1.0621337890625,-0.309539794921875,-0.8511795401573181,-0.48929938673973083,-0.4051133990287781
1009,1.2831,1.353,0,1,0.52392578125,1.17620849609375,0.0693359375,-0.2101718783378601,-0.2834860384464264,-0.29074954986572266
1010,1.3013,1.2085,0,1,0.6447906494140625,1.2954254150390625,0.23736572265625,-0.31324127316474915,-0.4945833683013916,0.057761300355196
1011,1.3088,1.1153,0,1,0.6778717041015625,1.2065582275390625,0.1489715576171875,-0.5394775867462158,-0.4502902030944824,0.28540724515914917
1012,1.3032,1.0863,0,1,0.781219482421875,1.0242919921875,-0.0732574462890625,-0.44064077734947205,-0.08153986930847168,0.3745485842227936
1013,1.2828,1.1248,0,1,0.7348175048828125,0.942626953125,-0.073516845703125,-0.08149991929531097,0.17522162199020386,0.24194791913032532
1014,1.2474,1.2235,0,1,0.69061279296875,0.9795684814453125,0.1046295166015625,-0.2455008327960968,-0.05473781377077103,-0.3491753041744232
1015,1.1979,1.3662,0,1,0.7283782958984375,1.0163726806640625,0.1112823486328125,-0.9459862112998962,-0.5126259922981262,-0.6720492243766785
1016,1.1369,1.5303,0,1,0.6770172119140625,0.9735565185546875,0.0743408203125,-1.5428051948547363,-0.9441630244255066,-0.7298794984817505
1017,1.0683,1.6906,0,1,0.6223602294921875,0.931854248046875,0.0128173828125,-1.7585856914520264,-1.506744623184204,-0.8648874163627625
1018,0.9971,1.8233,0,1,0.6641998291015625,0.90142822265625,0.00653076171875,-1.789769172668457,-1.8616896867752075,-0.825709879398346
1019,0.9291,1.9095,0,1,0.6381072998046875,0.845306396484375,-0.0137786865234375,-1.7469133138656616,-1.8198490142822266,-0.6606003046035767
1020,0.8705,1.9376,0,1,0.5582427978515625,0.755706787109375,-0.0197601318359375,-1.7062079906463623,-1.451993465423584,-0.5632721185684204
1021,0.827,1.9047,0,1,0.44744873046875,0.661529541015625,-0.061981201171875,-1.6452820301055908,-0.9286106824874878,-0.5217252373695374
1022,0.8028,1.8165,0,1,0.3424835205078125,0.5789947509765625,-0.1251220703125,-1.4542782306671143,-0.2781168520450592,-0.5359196066856384
1023,0.8007,1.6857,0,1,0.299346923828125,0.522491455078125,-0.1307220458984375,-1.2021104097366333,0.30322325229644775,-0.5479326248168945
1024,0.8209,1.5301,0,1,0.30096435546875,0.5267486572265625,-0.123931884765625,-0.9601798057556152,0.7611165046691895,-0.48638802766799927
1025,0.861,1.3696,0,1,0.316131591796875,0.5445098876953125,-0.11920166015625,-0.8181899189949036,0.9866689443588257,-0.3793928623199463
1026,0.9163,1.2239,0,1,0.4178314208984375,0.56024169921875,-0.099151611328125,-0.6919475793838501,0.9115023016929626,-0.3090966045856476
1027,0.9805,1.1102,0,1,0.642059326171875,0.6471099853515625,0.013702392578125,-0.5549393892288208,0.48051175475120544,-0.0896286889910698
1028,1.0462,1.0408,0,1,0.956085205078125,0.876251220703125,0.1537322998046875,-0.5137855410575867,-0.3908686935901642,0.4008384943008423
1029,1.1062,1.0224,0,1,1.07098388671875,0.9896392822265625,0.1241455078125,-0.4758187234401703,-1.2237097024917603,0.6991639137268066
1030,1.1547,1.0552,0,1,0.9334716796875,1.04766845703125,-0.14349365234375,-0.43743300437927246,-0.8747634291648865,0.4748120605945587
1031,1.1875,1.1328,0,1,0.72979736328125,1.075469970703125,-0.3541259765625,-0.15482686460018158,0.13157746195793152,0.3901216685771942
1032,1.2029,1.2436,0,1,0.5466461181640625,1.058502197265625,-0.3855438232421875,0.6600809693336487,-0.01902029663324356,0.2585018575191498
1033,1.2015,1.3715,0,1,0.4660797119140625,1.060760498046875,-0.212799072265625,1.3929139375686646,-0.4930632412433624,0.09912285208702087
1034,1.1857,1.4987,0,1,0.4859466552734375,0.9945831298828125,-0.0690460205078125,1.727906584739685,-0.43462416529655457,0.10716560482978821
1035,1.159,1.6073,0,1,0.4502410888671875,0.9131011962890625,-0.031829833984375,1.7733728885650635,-0.025181252509355545,0.36342695355415344
1036,1.1257,1.682,0,1,0.4699554443359375,0.7742156982421875,-0.069488525390625,1.7792466878890991,0.2951562702655792,0.6202899217605591
1037,1.0895,1.7122,0,1,0.5096435546875,0.741302490234375,-0.10296630859375,1.877954363822937,0.18381723761558533,0.7399513125419617
1038,1.0538,1.6928,0,1,0.562713623046875,0.79632568359375,-0.07562255859375,1.9643713235855103,-0.3116260766983032,0.7615734934806824
1039,1.0209,1.6255,0,1,0.588897705078125,0.877197265625,-0.025177001953125,1.7588304281234741,-0.6851077675819397,0.6948972940444946
1040,0.9922,1.5179,0,1,0.5332489013671875,0.92352294921875,0.0009765625,1.315106749534607,-0.7767202258110046,0.5307208895683289
1041,0.9683,1.3823,0,1,0.46783447265625,0.98382568359375,-0.00323486328125,0.8755184412002563,-0.7943325042724609,0.41757380962371826
1042,0.9494,1.2339,0,1,0.4270477294921875,0.9947357177734375,-0.0765228271484375,0.697793185710907,-0.6901611089706421,0.3622892498970032
1043,0.9353,1.0888,0,1,0.423187255859375,0.91864013671875,-0.076873779296875,0.6489830613136292,-0.16919487714767456,0.38713252544403076
1044,0.9258,0.9614,0,1,0.4567108154296875,0.7937469482421875,-0.0405426025390625,0.6363327503204346,0.23361089825630188,0.40315836668014526
1045,0.9208,0.8624,0,1,0.510345458984375,0.7103271484375,0.002227783203125,0.5394349694252014,0.26841360330581665,0.29051679372787476
1046,0.9199,0.7979,0,1,0.549713134765625,0.685638427734375,0.0055084228515625,0.26990896463394165,0.02532985806465149,0.24209491908550262
1047,0.9227,0.7685,0,1,0.542724609375,0.699859619140625,-0.0259857177734375,-0.15867753326892853,-0.06444689631462097,0.19718949496746063
1048,0.9286,0.77,0,1,0.521759033203125,0.7213287353515625,-0.0383453369140625,-0.6434615254402161,-0.024639299139380455,0.0481821745634079
1049,0.9367,0.794,0,1,0.528228759765625,0.74066162109375,-0.0699462890625,-1.0264501571655273,-0.05951179563999176,-0.07622633129358292
1050,0.946,0.83,0,1,0.54498291015625,0.7546844482421875,-0.113861083984375,-1.1785907745361328,-0.31286150217056274,-0.10634241998195648
1051,0.9551,0.8672,0,1,0.57269287109375,0.7242889404296875,-0.185028076171875,-1.0956673622131348,-0.583389163017273,-0.031853802502155304
1052,0.9627,0.8962,0,1,0.576751708984375,0.6576690673828125,-0.2443084716796875,-0.8667002320289612,-0.6855291128158569,0.020171314477920532
1053,0.9677,0.9109,0,1,0.5946197509765625,0.64459228515625,-0.28948974609375,-0.6648634672164917,-0.7768509984016418,-0.008861135691404343
1054,0.9692,0.9091,0,1,0.6413726806640625,0.6772918701171875,-0.3827056884765625,-0.4248695373535156,-0.9665069580078125,0.01985999196767807
1055,0.9672,0.8926,0,1,0.6941680908203125,0.6988983154296875,-0.4626007080078125,-0.057372745126485825,-0.9572460651397705,0.13202540576457977
1056,0.9618,0.8669,0,1,0.7182769775390625,0.6998291015625,-0.492584228515625,0.3776237368583679,-0.7208825349807739,0.25820571184158325
1057,0.9544,0.8406,0,1,0.6996612548828125,0.6598968505859375,-0.44580078125,0.6554199457168579,-0.40553390979766846,0.3325830101966858
1058,0.9465,0.8231,0,1,0.67864990234375,0.6201629638671875,-0.3323516845703125,0.7138235569000244,-0.07004006952047348,0.4020473062992096
1059,0.9401,0.8242,0,1,0.6597747802734375,0.5606842041015625,-0.2379302978515625,0.6532214879989624,0.13899196684360504,0.5842967629432678
1060,0.9372,0.8514,0,1,0.5728759765625,0.471466064453125,-0.1661376953125,0.5638306140899658,0.11860866844654083,0.5899112224578857
1061,0.9392,0.9092,0,1,0.5270233154296875,0.4173126220703125,-0.14593505859375,0.4093686044216156,-0.109415702521801,0.45642372965812683
1062,0.9472,0.9981,0,1,0.519683837890625,0.471221923828125,-0.17431640625,0.11256569623947144,-0.3901083469390869,0.3296372890472412
1063,0.9615,1.1138,0,1,0.6122589111328125,0.5140838623046875,-0.3707122802734375,-0.05600760877132416,-0.39761659502983093,0.2963504493236542
1064,0.9817,1.2479,0,1,0.87396240234375,0.5747528076171875,-0.6545867919921875,0.27007463574409485,-0.5231801271438599,0.44426241517066956
1065,1.0072,1.3888,0,1,1.201385498046875,0.7364654541015625,-0.752288818359375,1.1674174070358276,-0.521376371383667,1.0455716848373413
1066,1.0371,1.5236,0,1,1.0896453857421875,0.76617431640625,-0.4360504150390625,1.9730972051620483,0.07183876633644104,1.7813940048217773
1067,1.0706,1.6397,0,1,0.3041229248046875,0.5831146240234375,0.2429962158203125,0.9327306151390076,0.6159273982048035,1.1672453880310059
1068,1.1064,1.7272,0,1,0.05096435546875,0.62310791015625,0.1034698486328125,-1.2740296125411987,0.23800723254680634,0.16918715834617615
1069,1.1432,1.7797,0,1,0.1787109375,0.8245849609375,-0.00872802734375,-1.989036202430725,-0.6331047415733337,-0.7207344770431519
1070,1.179,1.7955,0,1,0.5186004638671875,0.945465087890625,0.31207275390625,-2.173621654510498,-1.2521134614944458,-0.9545698761940002
1071,1.2117,1.7776,0,1,0.8878631591796875,1.1248779296875,-0.0379180908203125,-1.869115948677063,-1.618062138557434,-0.5032660961151123
1072,1.2392,1.7329,0,1,1.10601806640625,1.25115966796875,-0.8443603515625,-0.003157177474349737,-1.1535167694091797,0.3960637152194977
1073,1.2594,1.6708,0,1,0.711578369140625,0.99365234375,-0.028900146484375,0.45217013359069824,0.21540632843971252,0.4703179597854614
1074,1.2705,1.6017,0,1,0.5199127197265625,0.839874267578125,0.209259033203125,-0.55179363489151,0.8338887095451355,0.15208567678928375
1075,1.2716,1.535,0,1,0.49114990234375,0.893096923828125,0.15582275390625,-1.5306552648544312,0.13752803206443787,-0.10573495179414749
1076,1.2619,1.4785,0,1,0.6628570556640625,1.014190673828125,-0.3162384033203125,-1.5446301698684692,-0.6745717525482178,-0.34208810329437256
1077,1.2415,1.4372,0,1,0.7660064697265625,1.074951171875,-0.2034759521484375,-1.0715471506118774,-0.9676465392112732,-0.3473568856716156
1078,1.2109,1.4129,0,1,0.78045654296875,1.047210693359375,0.007293701171875,-1.2139029502868652,-0.6528494358062744,-0.35935789346694946
1079,1.1713,1.4051,0,1,0.7374114990234375,0.9426727294921875,-0.0194244384765625,-1.373373031616211,-0.29850998520851135,-0.4231736361980438
1080,1.1247,1.4108,0,1,0.706268310546875,0.8836212158203125,-0.1119384765625,-1.3269258737564087,-0.02895069122314453,-0.42813724279403687
1081,1.0734,1.4254,0,1,0.6508636474609375,0.8634033203125,-0.0749359130859375,-1.2645623683929443,0.002787264296784997,-0.41005197167396545
1082,1.0204,1.4431,0,1,0.55755615234375,0.8347625732421875,-0.0507965087890625,-1.3571975231170654,-0.1947348713874817,-0.46315938234329224
1083,0.969,1.4581,0,1,0.505035400390625,0.814361572265625,-0.1108551025390625,-1.4550238847732544,-0.2749015986919403,-0.595055103302002
1084,0.9222,1.4653,0,1,0.515655517578125,0.7931671142578125,-0.117950439453125,-1.441512107849121,-0.2515574097633362,-0.6523975133895874
1085,0.8833,1.4604,0,1,0.485015869140625,0.72967529296875,-0.1035614013671875,-1.3732792139053345,-0.2945008873939514,-0.6181825399398804
1086,0.8547,1.441,0,1,0.43963623046875,0.655029296875,-0.1212921142578125,-1.2433323860168457,-0.24011965095996857,-0.5657789707183838
1087,0.8383,1.4066,0,1,0.43634033203125,0.6249542236328125,-0.0872039794921875,-1.128071665763855,-0.0500117689371109,-0.5470375418663025
1088,0.8354,1.3588,0,1,0.459930419921875,0.6474151611328125,-0.062164306640625,-1.0394974946975708,0.15571768581867218,-0.570839524269104
1089,0.846,1.3013,0,1,0.47845458984375,0.709930419921875,-0.0905303955078125,-0.9555603265762329,0.5241189002990723,-0.5749005675315857
1090,0.8697,1.24,0,1,0.44140625,0.75067138671875,-0.1819915771484375,-0.815540075302124,0.943682849407196,-0.6044132113456726
1091,0.9049,1.182,0,1,0.5451812744140625,0.780364990234375,-0.2935028076171875,-0.5409559011459351,1.2668122053146362,-0.6011132597923279
1092,0.9494,1.1361,0,1,0.659820556640625,0.7356719970703125,-0.24200439453125,-0.25868481397628784,1.4111217260360718,-0.48996278643608093
1093,1.0006,1.1111,0,1,0.704193115234375,0.6781768798828125,-0.1820526123046875,-0.12133149057626724,1.3876557350158691,-0.29111412167549133
1094,1.0552,1.1149,0,1,0.726959228515625,0.6224822998046875,-0.1383514404296875,-0.11415080726146698,1.2096275091171265,-0.10264807939529419
1095,1.1096,1.1535,0,1,0.786590576171875,0.6101226806640625,-0.07568359375,-0.040953557938337326,0.7339067459106445,0.015909990295767784
1096,1.1605,1.2293,0,1,0.8885955810546875,0.6549224853515625,0.0463714599609375,0.10391175001859665,-0.05511944368481636,0.22111614048480988
1097,1.2041,1.3405,0,1,0.9837799072265625,0.726226806640625,0.16302490234375,0.24086187779903412,-1.1063228845596313,0.5413910746574402
1098,1.2375,1.4803,0,1,0.9354400634765625,0.747955322265625,0.1729736328125,0.25338032841682434,-1.6388366222381592,0.8191068768501282
1099,1.2584,1.6375,0,1,0.9058074951171875,0.8817596435546875,0.1160736083984375,0.13010208308696747,-1.3075037002563477,0.9921957850456238
1100,1.2653,1.7974,0,1,0.8738555908203125,1.032928466796875,0.01678466796875,-0.005072789266705513,-0.08312444388866425,0.9717190265655518
1101,1.2582,1.9433,0,1,0.6395111083984375,1.2046051025390625,-0.412506103515625,0.09900914132595062,1.5591216087341309,0.6136519908905029
1102,1.2381,2.0587,0,1,0.5741424560546875,1.2401885986328125,-0.8553009033203125,1.9860962629318237,0.027115507051348686,0.31162792444229126
1103,1.2071,2.1296,0,1,0.5079498291015625,0.978057861328125,-0.349151611328125,2.7801010608673096,-0.6034376621246338,0.6780844926834106
1104,1.1681,2.1464,0,1,0.41986083984375,0.8089141845703125,-0.0977935791015625,2.6884069442749023,0.2818300724029541,0.835265040397644
1105,1.1244,2.1059,0,1,0.3456573486328125,0.7340087890625,0.044464111328125,2.330854654312134,0.8774244785308838,0.7113220691680908
1106,1.079,2.0116,0,1,0.4740447998046875,0.735992431640625,0.102264404296875,1.940866231918335,0.3329092562198639,0.7199422121047974
1107,1.0347,1.8739,0,1,0.52642822265625,0.797454833984375,0.14410400390625,1.576248288154602,-0.8320415616035461,0.6991769671440125
1108,0.9939,1.7084,0,1,0.5636444091796875,0.9311065673828125,0.164215087890625,1.112028956413269,-1.6988605260849,0.37356507778167725
1109,0.9585,1.5341,0,1,0.7479705810546875,1.0611724853515625,-0.0414276123046875,0.6527943015098572,-1.5879085063934326,0.2211693972349167
1110,0.9301,1.3703,0,1,0.7349700927734375,0.9240570068359375,-0.1317901611328125,0.40501487255096436,-0.5374909043312073,0.4807192087173462
1111,0.9098,1.2338,0,1,0.551361083984375,0.7316436767578125,-0.0255889892578125,0.3289533853530884,0.39246952533721924,0.4906935393810272
1112,0.8988,1.1369,0,1,0.4371185302734375,0.6287078857421875,0.11285400390625,0.250604510307312,0.5480833649635315,0.3827923834323883
1113,0.8974,1.0851,0,1,0.4112548828125,0.6360015869140625,0.1493988037109375,0.005684250965714455,0.21049198508262634,0.24091993272304535
1114,0.9054,1.0771,0,1,0.4847259521484375,0.671478271484375,0.0778961181640625,-0.47243839502334595,-0.10744709521532059,0.09173844009637833
1115,0.9217,1.1046,0,1,0.53692626953125,0.682098388671875,-0.0433502197265625,-1.0142651796340942,-0.34842002391815186,-0.06327404081821442
1116,0.9443,1.1548,0,1,0.5749664306640625,0.6961822509765625,-0.121307373046875,-1.3810991048812866,-0.40558478236198425,-0.22808296978473663
1117,0.9701,1.2122,0,1,0.599884033203125,0.6819915771484375,-0.1457061767578125,-1.5825549364089966,-0.4312523305416107,-0.3059242367744446
1118,0.9959,1.2617,0,1,0.6072998046875,0.683319091796875,-0.1356658935546875,-1.6912494897842407,-0.62037193775177,-0.3235493004322052
1119,1.0179,1.2912,0,1,0.629791259765625,0.677001953125,-0.188262939453125,-1.6883397102355957,-0.875013530254364,-0.30377480387687683
1120,1.0328,1.293,0,1,0.6965484619140625,0.6909027099609375,-0.272613525390625,-1.4922325611114502,-1.0334076881408691,-0.2084522694349289
1121,1.0381,1.265,0,1,0.8409271240234375,0.7103424072265625,-0.4447174072265625,-0.9738724827766418,-1.0838674306869507,0.03370177000761032
1122,1.0327,1.2103,0,1,0.910186767578125,0.7799072265625,-0.5031890869140625,-0.3159654140472412,-0.9193152189254761,0.32318899035453796
1123,1.017,1.1364,0,1,0.8349761962890625,0.8171539306640625,-0.4131622314453125,0.07841917127370834,-0.6296229362487793,0.4624198377132416
1124,0.9929,1.0531,0,1,0.716094970703125,0.7681427001953125,-0.321868896484375,0.2278835028409958,-0.22566242516040802,0.544161319732666
1125,0.9639,0.9712,0,1,0.5980377197265625,0.648468017578125,-0.209197998046875,0.20931380987167358,0.1725507378578186,0.554100513458252
1126,0.9341,0.9006,0,1,0.5710296630859375,0.517181396484375,-0.1347503662109375,0.10831422358751297,0.16737806797027588,0.5115810036659241
1127,0.9081,0.8492,0,1,0.53607177734375,0.4454193115234375,-0.0832977294921875,0.028019117191433907,-0.33330899477005005,0.4028869867324829
1128,0.8897,0.8224,0,1,0.526336669921875,0.52288818359375,-0.0462799072265625,-0.09051045775413513,-0.9382199048995972,0.19557802379131317
1129,0.8821,0.8232,0,1,0.581817626953125,0.60076904296875,-0.070465087890625,-0.2514796257019043,-1.2197743654251099,0.11045008152723312
1130,0.887,0.8523,0,1,0.6002960205078125,0.6071014404296875,-0.122650146484375,-0.40036338567733765,-1.1461209058761597,0.05361182987689972
1131,0.9047,0.9087,0,1,0.616790771484375,0.5836944580078125,-0.147491455078125,-0.5152026414871216,-0.9419456720352173,-0.016397615894675255
1132,0.9345,0.9903,0,1,0.6567535400390625,0.568328857421875,-0.1534423828125,-0.5998991131782532,-0.8353300094604492,-0.0035108451265841722
1133,0.9746,1.0941,0,1,0.699920654296875,0.6065216064453125,-0.35614013671875,-0.5110925436019897,-0.7289023995399475,0.10092208534479141
1134,1.0225,1.2165,0,1,1.0050811767578125,0.7887420654296875,-0.806640625,0.2909247875213623,-0.4874815046787262,0.5375100374221802
1135,1.0756,1.3529,0,1,1.011322021484375,0.758270263671875,-0.5441131591796875,1.060526967048645,0.6172360181808472,1.3024178743362427
1136,1.1312,1.4985,0,1,0.477783203125,0.665130615234375,0.0883941650390625,0.956084668636322,1.1490788459777832,1.3557487726211548
1137,1.1865,1.6477,0,1,0.240386962890625,0.6179962158203125,-0.778472900390625,0.6568561792373657,0.4517306983470917,0.9020267724990845
1138,1.2388,1.7945,0,1,0.0567779541015625,0.933135986328125,-0.5562591552734375,0.6660760045051575,-0.502105712890625,0.1123313382267952
1139,1.2852,1.9332,0,1,0.4912872314453125,0.915679931640625,0.5765533447265625,-0.8219817280769348,-1.154389500617981,-0.15617123246192932
1140,1.3232,2.0579,0,1,0.620330810546875,0.9890289306640625,0.5361480712890625,-1.7034324407577515,-1.9929395914077759,-0.5324958562850952
1141,1.35,2.1641,0,1,0.7643585205078125,1.0344390869140625,0.3884429931640625,-2.1897239685058594,-2.1116943359375,-0.5612340569496155
1142,1.3637,2.2488,0,1,1.022705078125,1.094085693359375,0.23736572265625,-2.2149367332458496,-1.7813053131103516,-0.2408357858657837
1143,1.363,2.3106,0,1,1.0791778564453125,0.9553375244140625,-0.0470428466796875,-1.9143537282943726,-1.024516224861145,0.12865731120109558
1144,1.3476,2.3498,0,1,0.7765350341796875,0.7194366455078125,-1.2669219970703125,-0.13707450032234192,2.56846284866333,0.12436003237962723
1145,1.3184,2.368,0,1,0.7228546142578125,0.8722686767578125,0.218536376953125,0.20887517929077148,2.0719640254974365,0.13278335332870483
1146,1.2773,2.3669,0,1,0.679290771484375,1.0496368408203125,0.240234375,-0.6759313344955444,0.06777957826852798,-0.01864505745470524
1147,1.2272,2.348,0,1,0.6356964111328125,0.9994659423828125,-0.1958160400390625,-1.8078572750091553,-0.7248554229736328,-0.45199650526046753
1148,1.1713,2.3123,0,1,0.6365203857421875,0.9628753662109375,-0.1386871337890625,-1.8409005403518677,-1.8499538898468018,-0.5264491438865662
1149,1.1133,2.2607,0,1,0.5853271484375,0.8579559326171875,0.0378265380859375,-1.810625433921814,-2.557891845703125,-0.44596683979034424
1150,1.0567,2.1943,0,1,0.5916595458984375,0.8053131103515625,-0.0528717041015625,-1.8020124435424805,-2.154069423675537,-0.43327075242996216
1151,1.0044,2.1147,0,1,0.5983428955078125,0.77703857421875,-0.062744140625,-1.706225037574768,-1.2804936170578003,-0.4966571629047394
1152,0.959,2.0246,0,1,0.6058807373046875,0.7646942138671875,-0.0308990478515625,-1.5927013158798218,-0.8810439705848694,-0.574210524559021
1153,0.9222,1.9274,0,1,0.5813140869140625,0.7423553466796875,-0.0861053466796875,-1.4513349533081055,-0.7193669676780701,-0.6144647598266602
1154,0.895,1.8268,0,1,0.55450439453125,0.7066192626953125,-0.1046142578125,-1.311307430267334,-0.6368702054023743,-0.5896036028862
1155,0.8778,1.7261,0,1,0.540985107421875,0.667816162109375,-0.1117706298828125,-1.2384082078933716,-0.5937322974205017,-0.5799198150634766
1156,0.8702,1.6279,0,1,0.5457916259765625,0.6296539306640625,-0.11273193359375,-1.1976954936981201,-0.48950499296188354,-0.6084896922111511
1157,0.8714,1.5342,0,1,0.5828399658203125,0.6199798583984375,-0.0748138427734375,-1.204008936882019,-0.5299996733665466,-0.6286271810531616
1158,0.8804,1.4457,0,1,0.6003875732421875,0.6443939208984375,-0.065277099609375,-1.219252109527588,-0.7324345707893372,-0.5909906029701233
1159,0.8958,1.3628,0,1,0.627685546875,0.6983795166015625,-0.118865966796875,-1.1954642534255981,-0.7173812985420227,-0.5468500256538391
1160,0.9163,1.2859,0,1,0.65533447265625,0.7168731689453125,-0.1009521484375,-1.1291762590408325,-0.661771297454834,-0.5255391597747803
1161,0.9405,1.2156,0,1,0.69775390625,0.71337890625,-0.0709991455078125,-1.068306565284729,-0.7631170749664307,-0.40770360827445984
1162,0.9672,1.153,0,1,0.688629150390625,0.7183074951171875,-0.06884765625,-1.0565454959869385,-0.8272380232810974,-0.10739010572433472
1163,0.9954,1.1001,0,1,0.56024169921875,0.7246856689453125,-0.155914306640625,-1.0199682712554932,-0.5555852055549622,0.12586285173892975
1164,1.024,1.0594,0,1,0.4727325439453125,0.726470947265625,-0.248138427734375,-0.7538008093833923,-0.21604867279529572,0.18120627105236053
1165,1.0518,1.0335,0,1,0.5909271240234375,0.84307861328125,-0.20538330078125,-0.14852209389209747,-0.6297499537467957,0.4508017897605896
1166,1.0779,1.0249,0,1,0.6951446533203125,0.89605712890625,-0.038543701171875,0.342987984418869,-1.0823837518692017,0.6683538556098938
1167,1.101,1.0351,0,1,0.7249908447265625,0.8139495849609375,0.0677337646484375,0.5164215564727783,-1.060019612312317,0.5947038531303406
1168,1.12,1.0647,0,1,0.7510833740234375,0.76519775390625,0.115081787109375,0.40336930751800537,-0.9089608192443848,0.5437527894973755
1169,1.134,1.1122,0,1,0.743682861328125,0.78057861328125,0.140167236328125,0.16785584390163422,-0.6365413069725037,0.5969725847244263
1170,1.1421,1.1746,0,1,0.71722412109375,0.8560638427734375,0.124053955078125,-0.12164946645498276,-0.1504819095134735,0.6052784323692322
1171,1.1441,1.2468,0,1,0.688629150390625,0.9590301513671875,0.037628173828125,-0.385017454624176,0.49652189016342163,0.589448869228363
1172,1.1398,1.322,0,1,0.710205078125,0.9912567138671875,-0.5486602783203125,0.15090535581111908,0.6976704597473145,0.6144613027572632
1173,1.1298,1.3932,0,1,0.788909912109375,0.7969818115234375,-0.52337646484375,1.3027677536010742,-0.1489892154932022,0.8965955376625061
1174,1.1149,1.4536,0,1,0.71307373046875,0.684814453125,-0.2082061767578125,1.5778366327285767,-0.6708766222000122,1.0354303121566772
1175,1.0966,1.4983,0,1,0.71875,0.6534423828125,-0.108489990234375,1.2546758651733398,-0.7096315026283264,1.016748309135437
1176,1.0764,1.525,0,1,0.7183074951171875,0.6931610107421875,-0.0726165771484375,0.7815802693367004,-1.0562951564788818,0.9887177348136902
1177,1.0556,1.535,0,1,0.6483612060546875,0.8104095458984375,-0.0489654541015625,0.3821638822555542,-1.776344895362854,0.8578635454177856
1178,1.0357,1.5327,0,1,0.5660552978515625,0.914581298828125,-0.085296630859375,0.20139595866203308,-1.9277006387710571,0.7117239236831665
1179,1.018,1.5254,0,1,0.4860687255859375,0.9408111572265625,-0.054595947265625,0.17521655559539795,-1.4262564182281494,0.6083930134773254
1180,1.0035,1.5213,0,1,0.4818572998046875,0.9475860595703125,0.0275421142578125,0.08758923411369324,-0.7702839374542236,0.5340399742126465
1181,0.9927,1.5287,0,1,0.4941253662109375,0.9024810791015625,0.1115264892578125,-0.11045034229755402,-0.7743598818778992,0.46065202355384827
1182,0.986,1.5539,0,1,0.5800323486328125,0.7898712158203125,0.1251220703125,-0.40826311707496643,-1.157292366027832,0.43682047724723816
1183,0.9835,1.6002,0,1,0.65771484375,0.615570068359375,0.1035308837890625,-0.7230687141418457,-1.3764145374298096,0.33902546763420105
1184,0.9845,1.6673,0,1,0.694427490234375,0.5276947021484375,0.0269927978515625,-1.0512982606887817,-1.2694133520126343,0.25642913579940796
1185,0.9883,1.7514,0,1,0.78265380859375,0.5163421630859375,-0.07708740234375,-1.409407138824463,-0.74223792552948,0.21356181800365448
1186,0.9937,1.8455,0,1,0.87060546875,0.5568389892578125,-0.1655731201171875,-1.6369500160217285,-0.25545734167099,0.3062816262245178
1187,0.9992,1.9406,0,1,0.83538818359375,0.6212310791015625,-0.1309967041015625,-1.7262083292007446,-0.2907799184322357,0.3656402826309204
1188,1.0035,2.0275,0,1,0.7392425537109375,0.6945953369140625,-0.05059814453125,-1.9305273294448853,-0.7520859837532043,0.3406262993812561
1189,1.0054,2.0973,0,1,0.678680419921875,0.7590179443359375,-0.03179931640625,-2.2247259616851807,-1.3131769895553589,0.3510035574436188
1190,1.0039,2.1437,0,1,0.602081298828125,0.8098297119140625,-0.05224609375,-2.3837156295776367,-1.4871759414672852,0.31641948223114014
1191,0.9988,2.163,0,1,0.5494232177734375,0.8094482421875,-0.0452880859375,-2.36759090423584,-1.1417375802993774,0.19953681528568268
1192,0.9903,2.1546,0,1,0.56854248046875,0.8105010986328125,-0.0562744140625,-2.129836320877075,-0.8388006687164307,0.1687927395105362
1193,0.979,2.1205,0,1,0.5814666748046875,0.8329315185546875,-0.0582122802734375,-1.728963017463684,-0.7186617255210876,0.19165146350860596
1194,0.9661,2.0646,0,1,0.5989227294921875,0.8309326171875,-0.0399932861328125,-1.4266852140426636,-0.6278623342514038,0.2762334644794464
1195,0.9533,1.9911,0,1,0.6126251220703125,0.7671661376953125,-0.1046295166015625,-1.2895468473434448,-0.5571714043617249,0.2848868668079376
1196,0.9422,1.9037,0,1,0.6494140625,0.711212158203125,-0.161468505859375,-1.2522923946380615,-0.5551324486732483,0.17652416229248047
1197,0.9345,1.8055,0,1,0.673065185546875,0.68310546875,-0.130645751953125,-1.2830772399902344,-0.7649197578430176,0.07852223515510559
1198,0.9311,1.6983,0,1,0.61944580078125,0.6718902587890625,-0.0721282958984375,-1.2588738203048706,-1.1807931661605835,-0.019572103396058083
1199,0.9327,1.5838,0,1,0.5672760009765625,0.647064208984375,0.00079345703125,-1.272573709487915,-1.4838871955871582,-0.12616859376430511
1200,0.9386,1.4642,0,1,0.5275726318359375,0.5797882080078125,0.023651123046875,-1.3181976079940796,-1.5155311822891235,-0.16086718440055847
1201,0.9475,1.3432,0,1,0.51873779296875,0.5465850830078125,0.0167999267578125,-1.306973934173584,-1.222133994102478,-0.1581195890903473
1202,0.9572,1.2264,0,1,0.5485687255859375,0.6024627685546875,0.0013427734375,-1.1915677785873413,-0.958472728729248,-0.09623678773641586
1203,0.9651,1.1214,0,1,0.5896453857421875,0.7207183837890625,-0.078704833984375,-0.9559736251831055,-0.8209455013275146,-0.011050786823034286
1204,0.9686,1.0372,0,1,0.6770477294921875,0.7710113525390625,-0.21124267578125,-0.6060523390769958,-0.6154858469963074,0.08195824921131134
1205,0.9659,0.9831,0,1,0.8755645751953125,0.748779296875,-0.1811065673828125,-0.33335933089256287,-0.25799453258514404,0.19297026097774506
1206,0.9562,0.9678,0,1,0.996612548828125,0.86279296875,-0.10223388671875,-0.47961053252220154,-0.12877102196216583,0.22578199207782745
1207,0.9405,0.9977,0,1,0.9230499267578125,0.729766845703125,-0.2824554443359375,-0.6317194104194641,-0.5202391743659973,0.21654215455055237
1208,0.9212,1.0762,0,1,0.71136474609375,0.5819549560546875,-0.234344482421875,-0.6030768156051636,-1.258909821510315,0.2852652966976166
1209,0.902,1.2033,0,1,0.51751708984375,0.5468292236328125,-0.1382293701171875,-0.4768983721733093,-1.4945402145385742,0.34950020909309387
1210,0.887,1.3746,0,1,0.421600341796875,0.48809814453125,-0.1043548583984375,-0.2616625130176544,-1.4923182725906372,0.30071189999580383
1211,0.8805,1.582,0,1,0.4183197021484375,0.5169219970703125,-0.152587890625,-0.10131250321865082,-1.490535020828247,0.2927378714084625
1212,0.8859,1.8137,0,1,0.5017547607421875,0.6089324951171875,-0.0290374755859375,-0.37170857191085815,-1.0174190998077393,0.20885761082172394
1213,0.9052,2.0545,0,1,0.6511993408203125,0.5986785888671875,0.2170257568359375,-0.8320397138595581,-1.0358269214630127,0.18684124946594238
1214,0.9388,2.2873,0,1,0.7627105712890625,0.5486602783203125,0.2992095947265625,-1.2697954177856445,-1.6889653205871582,0.3643758296966553
1215,0.9856,2.4946,0,1,0.7451324462890625,0.502227783203125,0.2792205810546875,-1.599642038345337,-2.170224905014038,0.436501145362854
1216,1.0426,2.6601,0,1,0.8237762451171875,0.550689697265625,0.2250213623046875,-1.8108911514282227,-2.363399028778076,0.2962114214897156
1217,1.1061,2.7712,0,1,0.901123046875,0.7214508056640625,0.1641998291015625,-1.8586435317993164,-2.4284422397613525,0.020326843485236168
1218,1.1713,2.8203,0,1,1.004486083984375,0.8367462158203125,0.14080810546875,-1.8785954713821411,-2.574927806854248,0.06652576476335526
1219,1.2331,2.8063,0,1,0.83660888671875,0.8731842041015625,0.0487213134765625,-1.9022197723388672,-2.547689437866211,0.25906485319137573
1220,1.2867,2.7347,0,1,0.7215423583984375,0.9301605224609375,0.029144287109375,-1.8758654594421387,-2.317918300628662,0.2655278146266937
1221,1.3279,2.6169,0,1,0.7264556884765625,1.0653228759765625,0.0907440185546875,-1.8451226949691772,-2.1892566680908203,0.18709692358970642
1222,1.3534,2.4691,0,1,0.7819671630859375,1.21661376953125,0.118316650390625,-1.8078043460845947,-2.045699119567871,0.16112257540225983
1223,1.3611,2.3095,0,1,0.7446746826171875,1.2608489990234375,0.0702667236328125,-1.6444425582885742,-1.5700223445892334,0.1930277794599533
1224,1.3505,2.156,0,1,0.668243408203125,1.22235107421875,0.068450927734375,-1.3915741443634033,-0.9933886528015137,0.1966257095336914
1225,1.3223,2.0236,0,1,0.6101531982421875,1.190826416015625,0.01763916015625,-1.1072264909744263,-0.6077783703804016,0.17769356071949005
1226,1.2786,1.9221,0,1,0.5101165771484375,1.1168670654296875,-0.0352325439453125,-0.8301041126251221,-0.5919144749641418,-0.06563946604728699
1227,1.2228,1.855,0,1,0.5886383056640625,1.0500335693359375,0.05963134765625,-0.8947941660881042,-1.0298486948013306,-0.1910858005285263
1228,1.1589,1.8195,0,1,0.5841827392578125,0.946197509765625,0.03240966796875,-1.171496033668518,-1.252793788909912,-0.4089699387550354
1229,1.0913,1.8074,0,1,0.617034912109375,0.884307861328125,0.01898193359375,-1.492122769355774,-1.2635087966918945,-0.5932063460350037
1230,1.0246,1.8069,0,1,0.6713104248046875,0.8456268310546875,0.027801513671875,-1.7340632677078247,-1.3321195840835571,-0.6475284099578857
1231,0.9632,1.8052,0,1,0.6676788330078125,0.779388427734375,0.017730712890625,-1.8694934844970703,-1.482107162475586,-0.5702978372573853
1232,0.9107,1.7905,0,1,0.536773681640625,0.697784423828125,-0.07861328125,-1.8352534770965576,-1.3086563348770142,-0.5171461701393127
1233,0.8698,1.7539,0,1,0.45623779296875,0.6464691162109375,-0.1179046630859375,-1.6742875576019287,-0.838852047920227,-0.4949844479560852
1234,0.8423,1.6906,0,1,0.397308349609375,0.61907958984375,-0.0860443115234375,-1.4669718742370605,-0.5162410140037537,-0.4970499873161316
1235,0.8287,1.6002,0,1,0.376861572265625,0.63153076171875,-0.0801239013671875,-1.2583966255187988,-0.26588574051856995,-0.4846135675907135
1236,0.8284,1.4864,0,1,0.3598785400390625,0.7062530517578125,-0.1353607177734375,-1.1220811605453491,0.1875738948583603,-0.4419957995414734
1237,0.84,1.356,0,1,0.315826416015625,0.7728118896484375,-0.204193115234375,-1.0173757076263428,0.47764647006988525,-0.5634905099868774
1238,0.8613,1.2183,0,1,0.3422393798828125,0.8236083984375,-0.2554168701171875,-0.8961089849472046,0.1858990341424942,-0.7473775148391724
1239,0.8899,1.0835,0,1,0.5619049072265625,0.73175048828125,-0.23089599609375,-0.8326154947280884,0.11897911876440048,-0.8021843433380127
1240,0.9234,0.9623,0,1,0.7664337158203125,0.6671142578125,-0.06671142578125,-0.7410043478012085,0.0627288967370987,-0.6525346636772156
1241,0.9596,0.8641,0,1,0.8703460693359375,0.658111572265625,0.074737548828125,-0.7214791178703308,-0.4708644449710846,-0.2434520721435547
1242,0.9968,0.797,0,1,0.8007965087890625,0.5776214599609375,-0.013336181640625,-0.6720383167266846,-0.6006040573120117,-0.06508978456258774
1243,1.0336,0.7661,0,1,0.794036865234375,0.573699951171875,-0.04736328125,-0.5308577418327332,-0.31966933608055115,-0.07100652903318405
1244,1.0689,0.7737,0,1,0.8761749267578125,0.66131591796875,0.0191650390625,-0.2926150858402252,-0.47891172766685486,0.26053065061569214
1245,1.102,0.8188,0,1,0.74737548828125,0.6140594482421875,0.0212249755859375,0.05044399946928024,-0.4404037594795227,0.6099491119384766
1246,1.1317,0.8967,0,1,0.68487548828125,0.6485748291015625,0.0228424072265625,0.39274781942367554,-0.058882758021354675,0.7900155186653137
1247,1.1573,0.9996,0,1,0.671875,0.8125762939453125,0.030426025390625,0.6165934205055237,0.12865331768989563,0.8297150135040283
1248,1.1778,1.1172,0,1,0.6990966796875,1.027587890625,-0.0339508056640625,0.7040782570838928,-0.16118143498897552,0.7580751776695251
1249,1.1921,1.2378,0,1,0.6763153076171875,1.209625244140625,-0.1867828369140625,0.6060622334480286,-0.33606377243995667,0.7140297293663025
1250,1.1996,1.3487,0,1,0.68707275390625,1.1060333251953125,-0.36273193359375,0.6203881502151489,-0.3355084955692291,0.6965071558952332
1251,1.1999,1.4384,0,1,0.75701904296875,0.800537109375,-0.5337677001953125,1.0514929294586182,-0.5174545645713806,0.7837691307067871
1252,1.1931,1.4973,0,1,0.7733154296875,0.698455810546875,-0.5416412353515625,1.6459541320800781,-0.5787941217422485,0.9583683609962463
1253,1.1795,1.519,0,1,0.6759490966796875,0.7046661376953125,-0.40496826171875,1.9563573598861694,-0.07300576567649841,1.0864014625549316
1254,1.1599,1.5011,0,1,0.5659942626953125,0.8029327392578125,-0.18603515625,1.7361093759536743,0.5159952044487,0.9293856620788574
1255,1.1353,1.4453,0,1,0.53656005859375,0.9552459716796875,0.0310821533203125,1.0958106517791748,0.38403260707855225,0.8068382143974304
1256,1.1066,1.3572,0,1,0.5000457763671875,1.0306854248046875,0.178619384765625,0.5001435279846191,-0.1188717931509018,0.6846629977226257
1257,1.0752,1.2447,0,1,0.466888427734375,1.0435791015625,0.103302001953125,0.20525407791137695,-0.5619882345199585,0.5656410455703735
1258,1.0426,1.1176,0,1,0.4744873046875,1.05316162109375,-0.0124969482421875,0.3139052093029022,-0.9881035685539246,0.4753444194793701
1259,1.0103,0.9855,0,1,0.467498779296875,0.9757080078125,-0.0294647216796875,0.4422423839569092,-0.7816178202629089,0.5027587413787842
1260,0.98,0.8574,0,1,0.4493408203125,0.838348388671875,-0.0790863037109375,0.30040642619132996,0.19854532182216644,0.5601086020469666
1261,0.9535,0.7403,0,1,0.52294921875,0.7022857666015625,-0.1755828857421875,0.10021102428436279,0.49547338485717773,0.5751367807388306
1262,0.9323,0.6391,0,1,0.5108184814453125,0.7123565673828125,-0.1782073974609375,-0.026072081178426743,0.10979600250720978,0.5007160902023315
1263,0.9174,0.5567,0,1,0.44232177734375,0.7528839111328125,-0.069854736328125,-0.2741473913192749,0.22854796051979065,0.07575814425945282
1264,0.9094,0.4935,0,1,0.4823760986328125,0.780670166015625,-0.016387939453125,-0.5091249942779541,0.17128892242908478,-0.21688517928123474
1265,0.9084,0.4483,0,1,0.5194549560546875,0.7732086181640625,-0.0169219970703125,-0.5930209755897522,-0.3539673984050751,-0.24263501167297363
1266,0.9135,0.4187,0,1,0.5128173828125,0.7071380615234375,-0.088348388671875,-0.4697326123714447,-0.5476338267326355,-0.1843259036540985
1267,0.9235,0.4014,0,1,0.5717926025390625,0.6399383544921875,-0.1632537841796875,-0.24726571142673492,-0.29135939478874207,-0.09760352224111557
1268,0.9366,0.3931,0,1,0.66424560546875,0.63232421875,-0.195404052734375,-0.10189254581928253,-0.06114431470632553,0.07400338351726532
1269,0.9506,0.3905,0,1,0.6665191650390625,0.6069488525390625,-0.219085693359375,-0.003888747887685895,-0.0054458980448544025,0.09723653644323349
1270,0.9635,0.3909,0,1,0.6427154541015625,0.6048583984375,-0.22003173828125,0.059966132044792175,-0.17078852653503418,-0.08866355568170547
1271,0.9733,0.3921,0,1,0.733123779296875,0.6309967041015625,-0.216552734375,0.0795411616563797,-0.4285212457180023,-0.10526250302791595
1272,0.9785,0.3933,0,1,0.8538970947265625,0.644775390625,-0.3060150146484375,0.23241619765758514,-0.7428629398345947,0.0673886314034462
1273,0.9783,0.3949,0,1,0.86907958984375,0.63873291015625,-0.335540771484375,0.4049663841724396,-0.72990882396698,0.27646249532699585
1274,0.9725,0.3983,0,1,0.811187744140625,0.5861358642578125,-0.2709197998046875,0.3674589693546295,-0.36291348934173584,0.3434087634086609
1275,0.9621,0.4059,0,1,0.703704833984375,0.524993896484375,-0.230255126953125,0.1614599972963333,-0.11029188334941864,0.24176736176013947
1276,0.9481,0.4204,0,1,0.644378662109375,0.517059326171875,-0.267425537109375,-0.017662083730101585,-0.13505369424819946,0.027517644688487053
1277,0.9324,0.4438,0,1,0.5857696533203125,0.540130615234375,-0.2350616455078125,-0.15794436633586884,-0.09183192253112793,-0.08891841769218445
1278,0.9169,0.477,0,1,0.5085906982421875,0.52447509765625,-0.2212982177734375,-0.16209223866462708,-0.012701946310698986,-0.168562114238739
1279,0.9036,0.519,0,1,0.505401611328125,0.551910400390625,-0.3007354736328125,0.023319171741604805,-0.12938621640205383,-0.22534817457199097
1280,0.8944,0.5673,0,1,0.6220245361328125,0.6448211669921875,-0.41650390625,0.48253682255744934,-0.32735762000083923,-0.11918790638446808
1281,0.8911,0.6174,0,1,0.7318572998046875,0.7382965087890625,-0.4375,0.6578383445739746,-0.0746563971042633,0.04767670854926109
1282,0.8951,0.6644,0,1,0.7923431396484375,0.7201690673828125,-0.4650421142578125,0.26571395993232727,0.750680685043335,0.07845059782266617
1283,0.9079,0.703,0,1,0.71710205078125,0.5907135009765625,-0.055328369140625,-0.16991393268108368,0.588327944278717,0.06590737402439117
1284,0.9301,0.7293,0,1,0.5187835693359375,0.571014404296875,0.149932861328125,-0.5444667935371399,-0.18890947103500366,0.0875956267118454
1285,0.9619,0.7407,0,1,0.434600830078125,0.5589599609375,0.089813232421875,-0.6637595891952515,-0.6107946634292603,0.009934656322002411
1286,1.0023,0.7378,0,1,0.49884033203125,0.6151885986328125,0.076690673828125,-0.6894934773445129,-0.8843252658843994,0.028428977355360985
1287,1.0493,0.7237,0,1,0.63665771484375,0.7801055908203125,0.0477752685546875,-0.7158079147338867,-0.9572489857673645,0.12271872907876968
1288,1.1,0.7042,0,1,0.7943572998046875,0.9720916748046875,-0.050048828125,-0.7034292817115784,-0.5004034638404846,0.29912012815475464
1289,1.1506,0.6874,0,1,0.71197509765625,1.02001953125,-0.14459228515625,-0.5543023347854614,-0.016681775450706482,0.3040024936199188
1290,1.1971,0.6822,0,1,0.6645965576171875,1.0153045654296875,-0.1090087890625,-0.43143847584724426,-0.10560206323862076,0.24531787633895874
1291,1.2353,0.6973,0,1,0.6484832763671875,1.0225677490234375,-0.1466217041015625,-0.3198970556259155,-0.22617001831531525,0.20171687006950378
1292,1.2617,0.7392,0,1,0.687530517578125,0.9798126220703125,-0.01959228515625,-0.36426955461502075,-0.17252463102340698,0.031388815492391586
1293,1.2735,0.8116,0,1,0.7679443359375,0.9132843017578125,0.0417938232421875,-0.5231175422668457,-0.09035492688417435,-0.15319274365901947
1294,1.269,0.9144,0,1,0.8991851806640625,0.9161834716796875,0.0594482421875,-0.7271037101745605,0.1192781925201416,-0.23381862044334412
1295,1.2481,1.0434,0,1,1.0195159912109375,0.9618377685546875,0.0343780517578125,-0.9266873598098755,0.4405587315559387,-0.22875913977622986
1296,1.2121,1.1909,0,1,1.0314483642578125,0.9402618408203125,0.01629638671875,-1.078243613243103,0.5622508525848389,-0.330965131521225
1297,1.1636,1.3465,0,1,0.909881591796875,0.8255767822265625,0.040130615234375,-1.1858688592910767,0.22363948822021484,-0.506131112575531
1298,1.1067,1.4979,0,1,0.753875732421875,0.78125,0.0283355712890625,-1.4116830825805664,-0.36556705832481384,-0.48721545934677124
1299,1.0461,1.6327,0,1,0.605560302734375,0.766021728515625,-0.028045654296875,-1.6509904861450195,-0.7107961177825928,-0.4803149402141571
1300,0.987,1.7396,0,1,0.5096893310546875,0.7604217529296875,-0.0330963134765625,-1.7816627025604248,-0.7561672925949097,-0.5768827795982361
1301,0.9342,1.809,0,1,0.4592742919921875,0.777008056640625,-0.027069091796875,-1.776916742324829,-0.5502405166625977,-0.6485297679901123
1302,0.8917,1.8348,0,1,0.3908538818359375,0.7552490234375,-0.0325469970703125,-1.6359694004058838,-0.13591869175434113,-0.6674922704696655
1303,0.8624,1.8137,0,1,0.2958984375,0.6985321044921875,-0.0405426025390625,-1.4257557392120361,0.24737223982810974,-0.7426762580871582
1304,0.8478,1.7464,0,1,0.21331787109375,0.6730194091796875,-0.0951690673828125,-1.1859652996063232,0.5852163434028625,-0.8877631425857544
1305,0.848,1.6371,0,1,0.2317047119140625,0.7317047119140625,-0.1619110107421875,-0.9597311019897461,0.8832741379737854,-0.9777060747146606
1306,0.8618,1.4933,0,1,0.4891357421875,0.7935028076171875,-0.2130126953125,-0.7691113352775574,1.150058627128601,-0.690317690372467
1307,0.8871,1.3253,0,1,0.5707244873046875,0.7594757080078125,-0.30902099609375,-0.3960075378417969,1.1158567667007446,-0.4630536735057831
1308,0.9209,1.1461,0,1,0.630950927734375,0.72113037109375,-0.3496551513671875,0.05179555341601372,1.1881961822509766,-0.28708556294441223
1309,0.9606,0.9702,0,1,0.6739959716796875,0.71185302734375,-0.12164306640625,0.2999662160873413,1.3190621137619019,-0.12147077172994614
1310,1.0032,0.8129,0,1,0.759674072265625,0.7102508544921875,0.0956573486328125,0.4011037349700928,0.866052508354187,0.08360754698514938
1311,1.0462,0.6893,0,1,0.8382415771484375,0.652313232421875,0.1582183837890625,0.4469362199306488,0.1812339723110199,0.19062240421772003
1312,1.0877,0.6127,0,1,0.8660736083984375,0.56475830078125,0.1210479736328125,0.492912232875824,-0.1294730305671692,0.22235023975372314
1313,1.126,0.5938,0,1,0.89788818359375,0.52972412109375,0.0545501708984375,0.424319863319397,0.18975982069969177,0.28083938360214233
1314,1.1601,0.6387,0,1,0.9281158447265625,0.5940704345703125,0.0900115966796875,0.23641493916511536,0.6161366701126099,0.35072100162506104
1315,1.1891,0.7489,0,1,0.9414825439453125,0.6986541748046875,0.2295989990234375,-0.04297303408384323,0.10244648158550262,0.4645114839076996
1316,1.2127,0.9196,0,1,0.9502410888671875,0.783447265625,0.2364654541015625,-0.22170390188694,-0.7599055767059326,0.4755854308605194
1317,1.2305,1.1405,0,1,0.93182373046875,0.879150390625,0.15087890625,-0.4073680341243744,-0.9171860218048096,0.5235785245895386
1318,1.2427,1.3958,0,1,0.7813262939453125,0.8934783935546875,0.037567138671875,-0.586236298084259,-0.14797641336917877,0.5105007886886597
1319,1.2493,1.6654,0,1,0.6397705078125,0.9535369873046875,-0.2276458740234375,-0.5400187373161316,0.9150900840759277,0.39431482553482056
1320,1.2506,1.9267,0,1,0.594818115234375,1.1003875732421875,-0.9667816162109375,1.3873844146728516,-0.456861287355423,0.331339567899704
1321,1.2468,2.1568,0,1,0.5472412109375,1.0541534423828125,-0.464141845703125,2.5472559928894043,-1.0471956729888916,0.6490229964256287
1322,1.238,2.3354,0,1,0.5177459716796875,0.8745880126953125,-0.2607574462890625,2.5574276447296143,0.0497763454914093,0.8970511555671692
1323,1.224,2.4468,0,1,0.5891876220703125,0.8101348876953125,-0.2388153076171875,2.6206130981445312,0.5019752383232117,1.0000169277191162
1324,1.2047,2.4822,0,1,0.563018798828125,0.8231201171875,-0.102386474609375,2.8241264820098877,-0.11730878055095673,1.0437448024749756
1325,1.1794,2.4409,0,1,0.44500732421875,0.9495849609375,0.046234130859375,2.646761417388916,-0.7775551676750183,0.7560455799102783
1326,1.148,2.33,0,1,0.400115966796875,1.129730224609375,0.0970001220703125,2.2142093181610107,-0.9159992933273315,0.373141884803772
1327,1.1106,2.1638,0,1,0.458038330078125,1.325775146484375,0.0019073486328125,1.7899733781814575,-0.9055381417274475,0.0781688392162323
1328,1.0684,1.9615,0,1,0.5547332763671875,1.331695556640625,-0.1828765869140625,1.6406720876693726,-0.7079699635505676,0.051044806838035583
1329,1.0232,1.7449,0,1,0.5557098388671875,0.975982666015625,-0.105682373046875,1.624428153038025,-0.029860693961381912,0.202109694480896
1330,0.9782,1.5358,0,1,0.5809173583984375,0.7155914306640625,0.0604705810546875,1.4777824878692627,0.48225346207618713,0.2020559012889862
1331,0.9368,1.3531,0,1,0.5891876220703125,0.5802154541015625,0.17535400390625,1.2107126712799072,0.5135181546211243,0.09646955132484436
1332,0.9029,1.2103,0,1,0.654449462890625,0.495513916015625,0.157806396484375,0.8788804411888123,0.28455501794815063,0.027108050882816315
1333,0.8796,1.1145,0,1,0.6981201171875,0.432830810546875,0.0692901611328125,0.49683240056037903,0.13969238102436066,0.06579285860061646
1334,0.869,1.0654,0,1,0.63787841796875,0.3887176513671875,-0.0140533447265625,0.1294032633304596,0.20251262187957764,-0.040587641298770905
1335,0.8718,1.0559,0,1,0.6060028076171875,0.4261322021484375,0.018463134765625,-0.3683657646179199,0.17272436618804932,-0.273879736661911
1336,0.8869,1.0734,0,1,0.6265716552734375,0.509429931640625,-0.0377655029296875,-1.0270477533340454,-0.1970456838607788,-0.35379722714424133
1337,0.9116,1.1025,0,1,0.5667572021484375,0.583892822265625,-0.1113739013671875,-1.484634518623352,-0.7995075583457947,-0.3442215621471405
1338,0.9421,1.1275,0,1,0.43829345703125,0.6681671142578125,-0.1817474365234375,-1.670590877532959,-1.182477593421936,-0.40939149260520935
1339,0.9737,1.1356,0,1,0.4544677734375,0.7667083740234375,-0.41314697265625,-1.3909506797790527,-1.2606669664382935,-0.45648393034935
1340,1.0019,1.1188,0,1,0.5962066650390625,0.8599700927734375,-0.6599273681640625,-0.5368520021438599,-1.2552894353866577,-0.26346519589424133
1341,1.0228,1.0751,0,1,0.702880859375,0.828369140625,-0.75311279296875,0.2924315929412842,-0.45525673031806946,0.0102566322311759
1342,1.0339,1.0085,0,1,0.778961181640625,0.7206573486328125,-0.6641998291015625,0.894072413444519,0.3791808784008026,0.16799113154411316
1343,1.0343,0.9283,0,1,0.7976531982421875,0.5677642822265625,-0.4293670654296875,1.1025886535644531,0.6602210402488708,0.24227654933929443
1344,1.0248,0.8474,0,1,0.7613677978515625,0.451629638671875,-0.2642974853515625,0.9151891469955444,0.4730871319770813,0.21304303407669067
1345,1.0077,0.78,0,1,0.674163818359375,0.4076385498046875,-0.2417449951171875,0.5139322876930237,-0.03130865469574928,0.10498633980751038
1346,0.9862,0.7396,0,1,0.6145782470703125,0.4482574462890625,-0.3101043701171875,0.1397445797920227,-0.39299148321151733,0.10022247582674026
1347,0.9641,0.7366,0,1,0.59991455078125,0.5049591064453125,-0.4081268310546875,-0.050099387764930725,-0.45700857043266296,0.1500994861125946
1348,0.9452,0.7768,0,1,0.670745849609375,0.5398406982421875,-0.4307708740234375,-0.11982253938913345,-0.29988765716552734,0.18119162321090698
1349,0.9333,0.8602,0,1,0.7615509033203125,0.5352783203125,-0.447479248046875,-0.10026641935110092,-0.006746053230017424,0.2533062994480133
1350,0.9312,0.981,0,1,0.8611602783203125,0.534088134765625,-0.529541015625,0.2514769732952118,0.2195664495229721,0.4559190571308136
1351,0.9411,1.1284,0,1,0.8073883056640625,0.5787200927734375,-0.471038818359375,0.8623725771903992,0.45468655228614807,0.852146565914154
1352,0.964,1.2882,0,1,0.6605377197265625,0.542633056640625,-0.3211669921875,1.2745060920715332,0.8269141912460327,1.1280479431152344
1353,0.9995,1.4449,0,1,0.350616455078125,0.5012969970703125,-0.3860015869140625,0.42027291655540466,1.3684887886047363,0.8106310963630676
1354,1.0458,1.5842,0,1,0.025054931640625,0.711761474609375,-0.0845794677734375,-1.220666527748108,0.7176955342292786,-0.034035466611385345
1355,1.0998,1.6944,0,1,0.3582611083984375,0.826751708984375,0.2992401123046875,-1.727034330368042,0.07875420153141022,-0.850663423538208
1356,1.1571,1.7685,0,1,0.5346527099609375,0.99163818359375,0.3748779296875,-1.8776414394378662,-0.7403963208198547,-1.3515866994857788
1357,1.2127,1.8047,0,1,0.9649200439453125,1.1059417724609375,0.242889404296875,-1.8371856212615967,-1.4790693521499634,-0.8166742920875549
1358,1.2615,1.8059,0,1,1.2283782958984375,1.028076171875,-0.6986846923828125,-0.35812726616859436,-1.8256744146347046,0.47793060541152954
1359,1.2988,1.7798,0,1,0.7483978271484375,0.9252166748046875,-0.11260986328125,0.607900857925415,-0.7429044842720032,0.5182503461837769
1360,1.3213,1.7363,0,1,0.677581787109375,0.9413909912109375,0.0650177001953125,-0.12790469825267792,1.0993627309799194,-0.1264021396636963
1361,1.3263,1.6866,0,1,0.8091583251953125,0.901641845703125,0.06854248046875,-1.224546194076538,1.3867028951644897,-0.2151956707239151
1362,1.3132,1.641,0,1,0.791900634765625,0.9539947509765625,-0.267425537109375,-1.1535298824310303,-0.24517513811588287,-0.24456606805324554
1363,1.2823,1.6078,0,1,0.78741455078125,1.0609588623046875,0.029876708984375,-1.1478610038757324,-1.385487675666809,-0.35662683844566345
1364,1.2355,1.5923,0,1,0.8274383544921875,1.04248046875,-0.021881103515625,-1.53207528591156,-0.8015621900558472,-0.38390052318573
1365,1.1759,1.5959,0,1,0.8028564453125,0.9324951171875,-0.1181182861328125,-1.576751708984375,-0.14678119122982025,-0.397121787071228
1366,1.1078,1.6167,0,1,0.73931884765625,0.8722686767578125,-0.1564788818359375,-1.2717872858047485,-0.03587996959686279,-0.44238007068634033
1367,1.0361,1.6493,0,1,0.6339111328125,0.821197509765625,-0.096343994140625,-1.1789017915725708,0.033496707677841187,-0.49058303236961365
1368,0.966,1.6861,0,1,0.503814697265625,0.7496795654296875,-0.0989990234375,-1.3149977922439575,0.14322054386138916,-0.6489756107330322
1369,0.9027,1.7177,0,1,0.5090789794921875,0.7248382568359375,-0.077972412109375,-1.5039565563201904,-0.07447796314954758,-0.847900390625
1370,0.8507,1.7353,0,1,0.52642822265625,0.6761474609375,-0.09857177734375,-1.5954785346984863,-0.4859107732772827,-0.9558992981910706
1371,0.8137,1.7313,0,1,0.489715576171875,0.5801544189453125,-0.1778717041015625,-1.6100361347198486,-0.7134299874305725,-0.9907273650169373
1372,0.794,1.7011,0,1,0.4918365478515625,0.502960205078125,-0.1504364013671875,-1.6089820861816406,-0.6844481229782104,-0.9454296231269836
1373,0.7924,1.644,0,1,0.4953765869140625,0.4450531005859375,-0.0762481689453125,-1.6121480464935303,-0.7357062101364136,-0.8477630019187927
1374,0.8083,1.5637,0,1,0.4861602783203125,0.4442901611328125,-0.0684814453125,-1.5272715091705322,-0.7599117159843445,-0.8041079044342041
1375,0.8397,1.4678,0,1,0.702606201171875,0.571044921875,-0.09906005859375,-1.366344928741455,-0.4878290593624115,-0.6794605255126953
1376,0.8834,1.3668,0,1,0.7920989990234375,0.6367645263671875,-0.10528564453125,-1.1492544412612915,-0.09812763333320618,-0.46239134669303894
1377,0.9358,1.2727,0,1,0.7862091064453125,0.73309326171875,-0.1551361083984375,-0.9680262804031372,0.32180359959602356,-0.22767044603824615
1378,0.9926,1.1975,0,1,0.6898345947265625,0.80548095703125,-0.2524566650390625,-0.7866762280464172,0.8412936329841614,0.024396952241659164
1379,1.0499,1.1512,0,1,0.5648040771484375,0.777740478515625,-0.2428741455078125,-0.47484827041625977,0.656537652015686,0.22101493179798126
1380,1.1037,1.1405,0,1,0.5399017333984375,0.7715606689453125,-0.2208099365234375,-0.03494573384523392,-0.1161164864897728,0.3109818398952484
1381,1.1509,1.1678,0,1,0.68780517578125,0.8171844482421875,-0.1383819580078125,0.33299365639686584,-0.7472326755523682,0.4402357041835785
1382,1.1887,1.2311,0,1,0.84722900390625,0.853546142578125,0.09814453125,0.48042333126068115,-1.40303635597229,0.6648719906806946
1383,1.215,1.3245,0,1,0.893280029296875,0.8166351318359375,0.18701171875,0.42409801483154297,-1.8487738370895386,0.8715580701828003
1384,1.2289,1.4384,0,1,0.8610992431640625,0.86187744140625,0.1306915283203125,0.31989356875419617,-1.6841825246810913,0.7605684399604797
1385,1.2301,1.5611,0,1,0.838531494140625,0.941802978515625,0.0440826416015625,0.12316880375146866,-0.7635990977287292,0.5241612195968628
1386,1.2194,1.6797,0,1,0.6860809326171875,1.0641326904296875,-0.6084442138671875,0.30069032311439514,0.7384796738624573,0.33845022320747375
1387,1.1985,1.7812,0,1,0.7476348876953125,0.9834442138671875,-0.6130523681640625,1.76856529712677,-0.04372377693653107,0.5982524752616882
1388,1.1696,1.854,0,1,0.6356658935546875,0.8791961669921875,-0.103515625,2.019631862640381,-0.6377535462379456,0.6983306407928467
1389,1.1353,1.8892,0,1,0.616851806640625,0.8027801513671875,0.0724334716796875,1.6368275880813599,-0.6132873892784119,0.7169754505157471
1390,1.0984,1.8816,0,1,0.617767333984375,0.688079833984375,0.1317596435546875,1.231636643409729,-1.0285629034042358,0.7634608745574951
1391,1.0612,1.8314,0,1,0.5914306640625,0.6468353271484375,0.0511627197265625,1.069656491279602,-1.7029749155044556,0.7302778959274292
1392,1.0258,1.7439,0,1,0.5755157470703125,0.7303619384765625,0.019073486328125,0.9037519693374634,-1.972297191619873,0.6330248713493347
1393,0.9935,1.6301,0,1,0.5878448486328125,0.8602447509765625,0.01324462890625,0.5537191033363342,-1.6601845026016235,0.4699115753173828
1394,0.9657,1.5055,0,1,0.618194580078125,0.97833251953125,-0.0222625732421875,0.14259976148605347,-1.4364510774612427,0.325882226228714
1395,0.9431,1.3884,0,1,0.6252899169921875,0.9819793701171875,-0.02801513671875,-0.15265852212905884,-1.6361380815505981,0.31485968828201294
1396,0.9267,1.2984,0,1,0.56402587890625,0.849334716796875,0.004150390625,-0.3584050238132477,-1.5172289609909058,0.3471744656562805
1397,0.9171,1.2531,0,1,0.53857421875,0.735137939453125,0.018096923828125,-0.4249427616596222,-1.1561224460601807,0.34597471356391907
1398,0.9152,1.2662,0,1,0.5612335205078125,0.6594696044921875,-0.0460662841796875,-0.31401145458221436,-0.7181405425071716,0.39161622524261475
1399,0.9212,1.3448,0,1,0.6137237548828125,0.5788421630859375,-0.139190673828125,-0.17397819459438324,-0.2454259991645813,0.4885267913341522
1400,0.9348,1.4879,0,1,0.66912841796875,0.514617919921875,-0.1305999755859375,-0.29479753971099854,0.22202374041080475,0.4820454716682434
1401,0.9551,1.6857,0,1,0.6988525390625,0.4881439208984375,0.010009765625,-0.7339368462562561,0.10340148955583572,0.49248185753822327
1402,0.9801,1.9208,0,1,0.6846466064453125,0.505157470703125,0.1758270263671875,-1.4482033252716064,-0.6627609133720398,0.43555334210395813
1403,1.0073,2.1699,0,1,0.7135009765625,0.5690765380859375,0.1989898681640625,-2.2769649028778076,-1.4196747541427612,0.34071603417396545
1404,1.0337,2.4068,0,1,0.7491302490234375,0.6569061279296875,0.110992431640625,-2.9171805381774902,-1.5059882402420044,0.2543529272079468
1405,1.056,2.6058,0,1,0.829071044921875,0.776824951171875,0.0055084228515625,-3.2113821506500244,-1.0823853015899658,0.3152082860469818
1406,1.0716,2.7447,0,1,0.84307861328125,0.861480712890625,-0.1103973388671875,-3.1003456115722656,-0.5752627849578857,0.4620099663734436
1407,1.0783,2.8075,0,1,0.80096435546875,0.8963470458984375,-0.1915283203125,-2.713080644607544,-0.3717338740825653,0.563588559627533
1408,1.0754,2.7855,0,1,0.7215576171875,0.9060821533203125,-0.221099853515625,-2.317687511444092,-0.5405271649360657,0.6317694783210754
1409,1.0631,2.6782,0,1,0.6463623046875,0.889801025390625,-0.212249755859375,-2.1097400188446045,-0.9167511463165283,0.6238231062889099
1410,1.0431,2.4927,0,1,0.5848388671875,0.8365020751953125,-0.220916748046875,-2.0245916843414307,-1.2962428331375122,0.5608473420143127
1411,1.0177,2.2432,0,1,0.5233306884765625,0.773712158203125,-0.2486419677734375,-1.7893129587173462,-1.4153263568878174,0.39147669076919556
1412,0.9899,1.9496,0,1,0.5345001220703125,0.71856689453125,-0.2819366455078125,-1.3113583326339722,-1.396480679512024,0.2938321530818939
1413,0.9627,1.6361,0,1,0.533905029296875,0.6767578125,-0.1840667724609375,-0.9038097262382507,-1.2872344255447388,0.3011412024497986
1414,0.9387,1.3294,0,1,0.5407867431640625,0.60955810546875,-0.1230316162109375,-0.7926680445671082,-1.066367506980896,0.28296592831611633
1415,0.92,1.057,0,1,0.53912353515625,0.5858001708984375,-0.1030120849609375,-0.8501979112625122,-0.6528260111808777,0.22040507197380066
1416,0.9078,0.845,0,1,0.553009033203125,0.6414337158203125,-0.0808258056640625,-0.8848720192909241,-0.2783844769001007,0.11117418855428696
1417,0.9026,0.7161,0,1,0.6233978271484375,0.66644287109375,-0.0520172119140625,-0.8499279022216797,-0.28747519850730896,-0.011217234656214714
1418,0.9042,0.688,0,1,0.6548614501953125,0.705657958984375,-0.075103759765625,-0.7334316372871399,-0.6208070516586304,-0.10662231594324112
1419,0.9124,0.7708,0,1,0.665313720703125,0.7101898193359375,-0.3004150390625,-0.4904269576072693,-0.8793497085571289,-0.12326068431138992
1420,0.9266,0.9664,0,1,0.7960052490234375,0.5747528076171875,-0.330108642578125,-0.14735163748264313,-0.6092708110809326,-0.003522030543535948
1421,0.9467,1.2663,0,1,0.85089111328125,0.598724365234375,0.0359954833984375,-0.22445280849933624,-0.5936319231987,0.21410909295082092
1422,0.9728,1.6522,0,1,0.7682342529296875,0.5569000244140625,0.078277587890625,-0.472587525844574,-1.4489707946777344,0.2395462840795517
1423,1.0052,2.0964,0,1,0.816131591796875,0.4467010498046875,-0.82843017578125,-0.14182531833648682,-1.526850938796997,0.3566516041755676
1424,1.0439,2.5633,0,1,0.554168701171875,0.4399871826171875,-0.5878143310546875,0.7357874512672424,-0.5542661547660828,0.30398014187812805
1425,1.0889,3.0132,0,1,0.630615234375,0.5043792724609375,0.436370849609375,0.05883322283625603,-1.880030632019043,0.5042325258255005
1426,1.1394,3.4064,0,1,0.638458251953125,0.515869140625,0.5919952392578125,-0.8662946224212646,-3.891639471054077,0.6344781517982483
1427,1.1938,3.7081,0,1,0.72076416015625,0.5613250732421875,0.6373291015625,-1.9521071910858154,-5.018887042999268,0.5967898964881897
1428,1.2493,3.8929,0,1,0.8451385498046875,0.7398223876953125,0.3694915771484375,-2.7499279975891113,-4.755857944488525,0.4213506877422333
1429,1.3025,3.9489,0,1,0.9441986083984375,0.885162353515625,0.1808624267578125,-2.915822982788086,-3.9457340240478516,-0.03310469165444374
1430,1.3494,3.8789,0,1,1.0767822265625,0.968963623046875,0.123077392578125,-2.869041681289673,-3.3271822929382324,0.20670311152935028
1431,1.3857,3.7002,0,1,0.828460693359375,0.9806365966796875,0.0503387451171875,-2.6445987224578857,-2.8973355293273926,0.3767688572406769
1432,1.4077,3.4415,0,1,0.847198486328125,1.1280517578125,0.0241241455078125,-2.363232135772705,-2.0313804149627686,0.4392103850841522
1433,1.4125,3.1386,0,1,0.908966064453125,1.272003173828125,0.0771636962890625,-2.1126394271850586,-0.9098982810974121,0.6369756460189819
1434,1.3984,2.8291,0,1,0.851715087890625,1.273468017578125,0.1348114013671875,-1.8692288398742676,0.03937350586056709,0.8536363244056702
1435,1.3655,2.5474,0,1,0.7528533935546875,1.2144775390625,0.1862335205078125,-1.652240514755249,0.6090116500854492,0.9619252681732178
1436,1.3154,2.3199,0,1,0.6412200927734375,1.1304168701171875,0.2259521484375,-1.5587127208709717,0.6243512034416199,0.9324166178703308
1437,1.2513,2.1625,0,1,0.2874298095703125,1.0730743408203125,-0.1677703857421875,-1.1876544952392578,0.11024448275566101,0.4123436212539673
1438,1.1777,2.0793,0,1,0.1484375,1.1620330810546875,-0.34503173828125,-0.14032702147960663,-1.7722586393356323,-0.6503724455833435
1439,1.0999,2.0631,0,1,0.576812744140625,1.0219879150390625,-0.0115966796875,-1.244401216506958,-1.0178215503692627,-0.27048927545547485
1440,1.0233,2.0972,0,1,0.5526580810546875,0.8487548828125,0.158538818359375,-2.2133750915527344,-0.8120089769363403,-0.017900969833135605
1441,0.9535,2.1594,0,1,0.5720062255859375,0.7432861328125,0.159088134765625,-2.4754726886749268,-1.3445661067962646,-0.05450558662414551
1442,0.8948,2.2252,0,1,0.4472808837890625,0.624237060546875,0.0493011474609375,-2.432349443435669,-1.7460360527038574,-0.3796112537384033
1443,0.8507,2.2717,0,1,0.393341064453125,0.5976409912109375,-0.0841522216796875,-2.34971284866333,-1.6048719882965088,-0.5956556797027588
1444,0.8232,2.2809,0,1,0.3497772216796875,0.6153564453125,-0.179351806640625,-2.291952133178711,-1.0228607654571533,-0.5500948429107666
1445,0.8124,2.2412,0,1,0.3391265869140625,0.6490936279296875,-0.1770172119140625,-2.0673506259918213,-0.7912786602973938,-0.641298234462738
1446,0.8173,2.1487,0,1,0.452301025390625,0.715484619140625,-0.13201904296875,-1.7672673463821411,-0.6970887780189514,-0.6615076661109924
1447,0.8357,2.0067,0,1,0.5316162109375,0.761016845703125,-0.076873779296875,-1.5427221059799194,-0.4215299189090729,-0.6303276419639587
1448,0.8643,1.8248,0,1,0.563385009765625,0.767242431640625,-0.024383544921875,-1.458469033241272,-0.30801162123680115,-0.6247736215591431
1449,0.9,1.6175,0,1,0.5457611083984375,0.7414398193359375,-0.078460693359375,-1.4167665243148804,-0.3246721029281616,-0.5911282896995544
1450,0.9392,1.4018,0,1,0.5460205078125,0.7500152587890625,-0.16351318359375,-1.3839571475982666,-0.3600223660469055,-0.46816399693489075
1451,0.9791,1.1958,0,1,0.5278778076171875,0.7981719970703125,-0.2366790771484375,-1.2415199279785156,-0.48495498299598694,-0.3826512396335602
1452,1.0173,1.0166,0,1,0.5843658447265625,0.818145751953125,-0.2359619140625,-0.907433271408081,-0.4613897204399109,-0.34143349528312683
1453,1.052,0.8786,0,1,0.7281951904296875,0.8401336669921875,-0.1431427001953125,-0.38126081228256226,-0.24290132522583008,-0.1992502510547638
1454,1.0823,0.7921,0,1,0.870849609375,0.82586669921875,0.0079803466796875,0.1486443281173706,-0.14758625626564026,0.046845536679029465
1455,1.1076,0.7625,0,1,0.8456878662109375,0.7469940185546875,0.100250244140625,0.524583637714386,-0.2183437943458557,0.43896350264549255
1456,1.1279,0.7898,0,1,0.6909942626953125,0.6219940185546875,0.091644287109375,0.7255984544754028,-0.0322631299495697,0.6617134809494019
1457,1.1432,0.8689,0,1,0.650726318359375,0.6349334716796875,0.0962066650390625,0.7859715223312378,0.37968820333480835,0.6479479074478149
1458,1.1537,0.9898,0,1,0.74267578125,0.7546844482421875,0.1370086669921875,0.7310161590576172,0.6417365670204163,0.693606972694397
1459,1.1595,1.1395,0,1,0.7527313232421875,0.89007568359375,0.150360107421875,0.5183555483818054,0.7324068546295166,0.6874114274978638
1460,1.1607,1.3025,0,1,0.7086181640625,1.0633697509765625,0.0062103271484375,0.13760021328926086,0.477854460477829,0.40656617283821106
1461,1.1576,1.4622,0,1,0.7867889404296875,1.0306396484375,-0.5898895263671875,0.32538077235221863,-0.9994007349014282,0.3397282660007477
1462,1.1507,1.6029,0,1,0.8055419921875,0.8188018798828125,-0.510955810546875,1.0608580112457275,-1.6891120672225952,0.47505494952201843
1463,1.1408,1.711,0,1,0.771697998046875,0.7619781494140625,-0.314422607421875,1.6569099426269531,-0.8738608956336975,0.570401668548584
1464,1.1289,1.7766,0,1,0.7161712646484375,0.7389678955078125,-0.1475677490234375,1.9825061559677124,-0.06199252977967262,0.7591338157653809
1465,1.116,1.794,0,1,0.6464080810546875,0.7526397705078125,0.0240631103515625,2.021915912628174,0.18383294343948364,0.8854525685310364
1466,1.1027,1.7628,0,1,0.576446533203125,0.7855682373046875,0.198822021484375,1.7198816537857056,0.14166845381259918,0.92619788646698
1467,1.0896,1.6874,0,1,0.5094146728515625,0.8318939208984375,0.337493896484375,1.0459437370300293,-0.41420435905456543,0.8220075964927673
1468,1.0766,1.5762,0,1,0.514434814453125,0.87945556640625,0.3546905517578125,0.21621033549308777,-1.2870676517486572,0.6191974878311157
1469,1.0636,1.4405,0,1,0.5482940673828125,0.931610107421875,0.24700927734375,-0.3877567946910858,-1.36277174949646,0.38449814915657043
1470,1.0501,1.2929,0,1,0.5643310546875,0.9203948974609375,0.155609130859375,-0.752410352230072,-0.641589879989624,0.29465240240097046
1471,1.0357,1.1463,0,1,0.58770751953125,0.817718505859375,0.0350189208984375,-0.9631055593490601,0.34151551127433777,0.3901728093624115
1472,1.0202,1.0122,0,1,0.819061279296875,0.70947265625,-0.5576171875,-0.30436068773269653,0.25731807947158813,0.7744219303131104
1473,1.0038,0.9,0,1,0.684234619140625,0.7174530029296875,-0.3774261474609375,0.3984248638153076,-0.21274583041667938,0.9312581419944763
1474,0.9869,0.816,0,1,0.4615936279296875,0.685272216796875,-0.0717620849609375,-0.07091065496206284,-0.1161566972732544,0.39151132106781006
1475,0.9704,0.7634,0,1,0.49090576171875,0.7651519775390625,0.024658203125,-0.8643068075180054,-0.132586270570755,0.0427839495241642
1476,0.9554,0.7421,0,1,0.5799102783203125,0.83843994140625,-0.0590972900390625,-1.152272343635559,-0.27027568221092224,-0.03618143871426582
1477,0.9431,0.7488,0,1,0.6119384765625,0.8299713134765625,-0.1551513671875,-0.7863190770149231,-0.40783703327178955,0.014989868737757206
1478,0.9345,0.7779,0,1,0.5848541259765625,0.75885009765625,-0.14715576171875,-0.19551783800125122,-0.43382707238197327,0.07350457459688187
1479,0.9305,0.8215,0,1,0.5673065185546875,0.7191925048828125,-0.08917236328125,0.007850466296076775,-0.5218128561973572,0.07659491151571274
1480,0.9313,0.8707,0,1,0.5080108642578125,0.7073822021484375,-0.0675811767578125,-0.24146534502506256,-0.6018291115760803,-0.06276032328605652
1481,0.9366,0.9162,0,1,0.4703826904296875,0.6646728515625,-0.0655517578125,-0.5170298218727112,-0.5966569781303406,-0.29349711537361145
1482,0.9454,0.9496,0,1,0.506805419921875,0.62774658203125,-0.037933349609375,-0.6565674543380737,-0.7052561640739441,-0.45932790637016296
1483,0.956,0.9642,0,1,0.6296234130859375,0.5791168212890625,-0.07879638671875,-0.6530894041061401,-0.8823300004005432,-0.44341444969177246
1484,0.9663,0.9566,0,1,0.80609130859375,0.572540283203125,-0.200347900390625,-0.4474203884601593,-1.0470832586288452,-0.24779649078845978
1485,0.9743,0.9268,0,1,0.9253997802734375,0.602874755859375,-0.2648468017578125,-0.23260235786437988,-1.1562821865081787,0.012563995085656643
1486,0.9782,0.879,0,1,0.8896026611328125,0.565093994140625,-0.2455902099609375,-0.2340915948152542,-1.1089714765548706,0.15913772583007812
1487,0.9768,0.8208,0,1,0.745330810546875,0.4775390625,-0.2351531982421875,-0.3508421778678894,-0.9442890286445618,0.0888073667883873
1488,0.97,0.7629,0,1,0.6956024169921875,0.5443267822265625,-0.289947509765625,-0.4534873366355896,-0.742834210395813,0.06208441033959389
1489,0.9591,0.7172,0,1,0.6700592041015625,0.6517333984375,-0.4650115966796875,-0.1431526243686676,-0.4118005931377411,0.11749227344989777
1490,0.9461,0.6955,0,1,0.6583099365234375,0.6584625244140625,-0.3224945068359375,0.27058595418930054,0.008596950210630894,0.1377088576555252
1491,0.9344,0.708,0,1,0.645233154296875,0.6837005615234375,-0.2025299072265625,0.40998032689094543,0.21982742846012115,0.10283929854631424
1492,0.9281,0.7617,0,1,0.691619873046875,0.6739959716796875,-0.2263031005859375,0.44611117243766785,0.15375147759914398,0.18650943040847778
1493,0.9312,0.8592,0,1,0.788543701171875,0.5558319091796875,-0.338897705078125,0.64921635389328,-0.0049617355689406395,0.5202093720436096
1494,0.9475,0.9989,0,1,0.766815185546875,0.445281982421875,-0.2505035400390625,0.8647968173027039,-0.11089082807302475,0.8923277854919434
1495,0.9797,1.1742,0,1,0.670989990234375,0.361724853515625,-0.685577392578125,0.9722902774810791,0.16274283826351166,0.7734498977661133
