id,ASVM,GSVM,walking_nonwalking,normal_abnormal,ax,ay,az,gx,gy,gz
1,0.7474893748403203,0.026268938796876348,1,1,0.7123286018168464,-0.0252279251502244,0.22513023908193525,0.025540784110463993,-0.005504323089823,0.0013863945507075507
2,0.8090775321407846,0.025742948918194775,1,1,1.016339339099084,-0.03578864770505847,0.32182841746937296,0.032368442983452136,-0.005605113272768373,0.005418162286296093
3,0.8671930877055284,0.025015204672881312,1,1,0.9216040930408728,-0.032420611030927214,0.2918944625457934,0.02982748704959601,-0.0047783845410739895,0.0026196176001695272
4,0.9188078861999234,0.023963740795429535,1,1,0.9709761693578648,-0.03527793473168958,0.30621979901271473,0.032171778706796765,-0.0009212891443010126,0.0008955375358447776
5,0.9616872026611802,0.022529578444407283,1,1,0.9395536513913791,-0.03090963755593208,0.2975191137431144,0.02765969339752575,-0.0017116745433053038,0.0008396537758570092
6,0.9945884686295391,0.020730154057667708,1,1,0.9602747363938333,-0.03330595961593072,0.30314889760330654,0.025634256103754957,0.0018702674790030986,0.0018013505073033625
7,1.017293468906811,0.01865893846425346,1,1,0.9472401735336,-0.03274326508895231,0.29974564822532074,0.01867593679617312,-0.004846534191742381,0.001567731068377426
8,1.0304962302271814,0.016471538554055053,1,1,0.9559299149458832,-0.03405040799066542,0.3038424505679341,0.014095532357095798,-0.00879905843798118,-0.0017428348045826617
9,1.0355898408170725,0.01436091607215557,1,1,0.9528248843347729,-0.033099183083393484,0.3011993283521304,0.011783293107447725,-0.004867799678113321,-0.002723187909196832
10,1.03440202691913,0.012526038595233895,1,1,0.9576291298392592,-0.03463368640840562,0.3001314682672118,0.004636667265464852,-0.010527656998697415,-0.0024020634633996657
11,1.028925644015623,0.011139173201321618,1,1,0.9558980340971908,-0.032312916153066994,0.3030079330781253,0.0008316344672473396,-0.003018779999274687,-0.002924810860713778
12,1.0210804260805535,0.010317185984586441,1,1,0.9542918197442998,-0.03173433152864371,0.30042893880409466,0.0004654884155452555,-0.001489768140462608,-0.00016935535953764254
13,1.0125298615071927,0.010101641859418581,1,1,0.9533013582821928,-0.033148145189451694,0.2973151830199697,-0.001999556106313092,0.003874277809443955,-0.003279853426573509
14,1.004564521055052,0.010451131243163839,1,1,0.9538892417788374,-0.03227315026652746,0.3003379025883707,-0.003646096466297522,0.006154039966500329,-0.0020220949120052147
15,0.9980521894434785,0.011247139843814659,1,1,0.9532989406171496,-0.03263657273735921,0.2996865079473035,-0.0064166173011001035,0.0066009177673370415,-0.0021730539542402626
16,0.9934466593707157,0.01231234464812485,1,1,0.9539078072154452,-0.030630349952159013,0.29963847049306747,-0.009145430771913524,0.0057311162714404895,-0.004969647332880323
17,0.9908414884629317,0.013438057282664478,1,1,0.952098865920718,-0.03218103823799909,0.2997307174406593,-0.014367215328850793,0.007251647449024205,-0.0069228399455473
18,0.9900524527080202,0.014416051369953628,1,1,0.9526927115906108,-0.029883287411887408,0.29865155039328833,-0.017700377003784573,0.0044425984935889075,-0.006222261607626168
19,0.9907124807978088,0.015069371793493515,1,1,0.9589201804598646,-0.02782530694773199,0.2991240790158979,-0.020325969065965406,0.006407881446306299,-0.008160658787777567
20,0.9923648705966859,0.01527702189654998,1,1,0.9556476984315878,-0.029211027709757743,0.2975342985093594,-0.015611214421685077,0.0057909254438633095,-0.00953574827407955
21,0.994543925280171,0.014988666881508607,1,1,0.9513319317911874,-0.030625832655570194,0.29779723358078525,-0.015845282191120337,0.0022600015381937363,-0.01187234057230526
22,0.9968362242114563,0.014227460985463177,1,1,0.9513659377523969,-0.029576455490267772,0.2996198573003692,-0.009293899731894142,0.005960229805352781,-0.009348848240799878
23,0.998919866648931,0.013081352638277451,1,1,0.9560454258493348,-0.030957248875105436,0.29796241409292745,-0.007343995620196553,0.0039579155672353735,-0.007140124914674727
24,1.000582436243755,0.011685221077115414,1,1,0.9546820996724575,-0.0293684583287198,0.29890001954879347,-0.006688925014720653,0.0026625829881667834,-0.005453889280836073
25,1.0017207337250278,0.010197523328340079,1,1,0.9537303862966832,-0.029070890991490378,0.2978796478309107,-0.0063805536717386644,-0.0026386244469455175,-0.0037731514185009923
26,1.0023266488295068,0.008775582402505037,1,1,0.9549272477200869,-0.028251568920631444,0.2997407292881326,-0.003381975278960536,-0.000786302893792098,-0.006394709255787473
27,1.0024641878900598,0.007553321675813885,1,1,0.9508411274913631,-0.027349875482849822,0.29936359085898634,-0.0010759928539681662,-0.00033736615589282574,-0.0035860614570432953
28,1.0022427521772381,0.0066244435514481725,1,1,0.9504495224149586,-0.02963959703075997,0.2972104281764411,0.0012558671787470845,-0.0008997252350533836,-0.001887892209755621
29,1.0017912364739114,0.006033018282122384,1,1,0.9520263331490049,-0.02876767595296067,0.299327369767685,-0.0010035113767712185,1.464995822431228e-05,-0.0045025901613056215
30,1.0012363797418131,0.005772280637174683,1,1,0.9570791867758819,-0.02895902222174707,0.29723371540242816,-0.0019685794751748507,0.0036926511226322675,-0.005349167960302012
31,1.0006872245575253,0.005791192777119531,1,1,0.955987700396987,-0.030908931800049808,0.29802367573465666,0.001968746228590272,-0.001216898253485315,-0.002002031071363166
32,1.0002259610798452,0.006007210260583779,1,1,0.9532294879983203,-0.03079544917112884,0.29897036580105324,0.00433737867935475,-0.004520333532844761,-0.0049222399662075915
33,0.9999043324211314,0.006322890836291154,1,1,0.954286568526246,-0.02995636146459877,0.2992255588704909,0.007024164780011054,-0.006023187646957865,-0.0028053758941800917
34,0.9997443294270546,0.006643587730848319,1,1,0.9542055631567474,-0.030209139885402667,0.29908205616162037,0.007864012242380362,-0.0015759287452448345,-0.0016701307899614148
35,0.9997418878923404,0.006893480230345063,1,1,0.9537921365978336,-0.029914334841780913,0.30092511971115615,0.007896332994956339,0.001889811628508249,-0.0025397293388528574
36,0.9998724426181952,0.007027621070926377,1,1,0.9541794613875481,-0.030341338236725832,0.2997534759185555,0.008913690886458188,0.002924810736464294,-0.0013306130638649056
37,1.0000973875504748,0.007038428333581535,1,1,0.9528462972918937,-0.03117043857358146,0.2999986280414677,0.0076887164417759335,-0.0014168161527095826,-0.0015868428240324137
38,1.0003707315562917,0.0069559228181797945,1,1,0.9532038114597239,-0.03164289630311357,0.30159092291572936,0.006096191708419375,-0.006215872469037866,0.0005037659601950889
39,1.000645472778234,0.0068418634680712945,1,1,0.9537695847409616,-0.02735203026133882,0.2999679133471926,0.005462370847209147,-0.006661736752001393,-0.0011059679500420667
40,1.0008793548752777,0.006778723550531486,1,1,0.9546976975458422,-0.026221317734789466,0.2988562834059283,0.004933869435158787,-0.004710615825044047,0.0002973221183273898
41,1.0010396819028775,0.006855172925131248,1,1,0.9549392398776014,-0.028720010678417816,0.3019293645817902,6.349518237270301e-05,-0.0042066995510926745,-0.0012163314767044818
42,1.0011068060289678,0.007150327451331285,1,1,0.9550964088895719,-0.030994353284739373,0.30204714710395025,-0.00032173851354924633,-0.002860649450891587,-0.0005439620064426196
43,1.0010758677927925,0.007719327926698235,1,1,0.9561402123460551,-0.02942368162440982,0.3038132054660081,-0.0029534473821818375,0.0006068722141807657,-0.0033500679249369083
44,1.0009564720824702,0.008582609994793426,1,1,0.9531171527505472,-0.029642418724259708,0.3028917127454373,-0.007004250575045962,0.006908286693698627,-0.00343365153313612
45,1.0007702815540067,0.0097204955979748,1,1,0.9527525413048891,-0.02796159873566465,0.30061815044774304,-0.005460360707505171,0.004639410923880519,-0.00433385496277004
46,1.0005469339076476,0.011073757403584652,1,1,0.9537221144824795,-0.029393048312386608,0.30046641622345815,-0.006315060017486802,-0.002817187528699601,-0.004180582053474369
47,1.0003190481882254,0.012549947409264626,1,1,0.9538501895192609,-0.030086728634655963,0.30023378728613903,-0.008086674256668857,0.0025094366244104594,-0.003141545761464211
48,1.000117213680812,0.014034622667549032,1,1,0.9518296364175417,-0.02627338687482804,0.2998821777934863,-0.013667201681418347,0.0018960704773807566,-0.006410569269774867
49,0.9999657541156519,0.015405952306870387,1,1,0.9516442372393112,-0.026680377153754785,0.29991024232724356,-0.017628027475406653,-0.0006778636037266135,-0.008751808007734901
50,0.9998798241933854,0.01655050722095406,1,1,0.9539207974758989,-0.027800193094829482,0.3034304777749668,-0.018176297509327193,-0.004030489284211443,-0.008067959070023476
51,0.9998640813449129,0.017377646137743976,1,1,0.9547539495413386,-0.02993013835478128,0.30039284594217713,-0.017100963550129907,-0.008863795293468082,-0.006821396854107984
52,0.9999128511471707,0.017830195238465938,1,1,0.9532357966039509,-0.032116090190465046,0.29851784415120675,-0.016055020294439497,-0.0036244550688120766,-0.005827722385860794
53,1.0000115157104081,0.017890052893546154,1,1,0.9522027856703325,-0.030481100206410486,0.29947420371335315,-0.015903489074103057,-0.003015412691098301,-0.0024805679313477966
54,1.0001388743248403,0.017578495660552473,1,1,0.9533510978605221,-0.029808400195359793,0.2993931511340878,-0.01611611878334321,-0.007525669909043549,-0.0018294546323564076
55,1.0002703174086456,0.01695181753878503,1,1,0.9537753952484552,-0.03149219155746971,0.2975002522925712,-0.014448082005676058,-0.0056409594673896835,-0.005321706271428484
56,1.0003816172564433,0.01609329678471767,1,1,0.9532634009598585,-0.027805349716643352,0.29958027339358106,-0.01680480536530761,-0.005693046053148348,-0.0032321643597176676
57,1.000452927163269,0.015102507630359203,1,1,0.9551237135058648,-0.03023698888143703,0.29905962629234034,-0.016407758604094096,-0.006750568526306232,-0.004220727355063823
58,1.0004723050044342,0.01408299761784186,1,1,0.9583468678470859,-0.0326941789633473,0.2964684137251993,-0.013005805098236152,-0.0021393317785417636,-0.0024760566863425535
59,1.0004378988720877,0.013129567303041035,1,1,0.9593496600172,-0.033095027594564175,0.29608064143612267,-0.00843610560049708,-0.00283950906374101,-0.0029420077805470176
60,1.0003580310536409,0.012316780533457364,1,1,0.9560099066069218,-0.03121697344934175,0.29558717046311794,-0.005485697324229227,-0.00014112641603551704,-0.005819545054750191
61,1.0002489277608226,0.01169056558934773,1,1,0.952588333926386,-0.03065071537204023,0.29370670064970644,-0.0007239740291081102,-0.007431198987375078,0.0022295410327797267
62,1.0001306659525886,0.011264448397033257,1,1,0.9504456416549935,-0.03164285306112632,0.2952599841715467,0.005263789129555404,-0.011229498450208392,0.0035598216330449727
63,1.0000226260746876,0.011021018195406749,1,1,0.9520640924624466,-0.030635760651105366,0.29589211722885006,0.005468552418529771,-0.008418940791886844,-0.0001423158612599416
64,0.999939872535079,0.010918028420354556,1,1,0.9558297682620532,-0.02890121992908301,0.29887280861382465,0.008727699546346343,-0.0084532104625226,0.0030830859670572764
65,0.9998913232014937,0.010897583179086833,1,1,0.9546125255558197,-0.03228071412765114,0.3008520981280631,0.005346299146402378,-0.009931772718564597,0.005636466589073849
66,0.9998797101315061,0.010896425317217701,1,1,0.9537132523083516,-0.030774954989598757,0.2983310757390886,0.0063090959801777305,-0.01164618404187006,0.005586481521689167
67,0.9999027266610453,0.010855416977038037,1,1,0.9537597652150009,-0.030610615901085575,0.29795454949859634,0.010047767782810071,-0.005823287167176414,1.933635667769426e-05
68,0.9999546304301293,0.010726776428769244,1,1,0.9550782123298017,-0.029882796033587674,0.2979782865500792,0.010260088862997695,-0.0065320220146773515,0.0025990764653916506
69,1.0000277522245835,0.010478370675039142,1,1,0.9563929752611265,-0.029739984244632544,0.2973523114819854,0.007145793010233427,-0.003748768584172395,0.0014889761009555167
70,1.0001136009891471,0.010095148736003277,1,1,0.9543410864482884,-0.02762955393118469,0.29690836570061474,0.006178636985709474,-0.0037881281472882337,0.0015064500731620343
71,1.0002034977261007,0.009578362270102173,1,1,0.9509278474817092,-0.025662613042876627,0.2992132586514657,0.003276889501961424,-0.010999356024452235,0.0014432617329883757
72,1.0002889244819142,0.008943375907615951,1,1,0.9527311945352418,-0.02847888719580252,0.30055306908796886,-0.003385127234770816,-0.008947330475208497,0.0007778286092904523
73,1.0003619168828104,0.008216686779680417,1,1,0.9543028573956456,-0.029172358564890172,0.29910476619301984,-0.005630403428989469,-0.0026175919893990113,-0.0010919810288097804
74,1.0004157025606686,0.007432523214393897,1,1,0.9552986883917756,-0.030960470901883967,0.3013204215979988,-0.0069389692035750445,-0.005649676174893562,-0.0013207728352630092
75,1.000445455124699,0.006629278464762218,1,1,0.9566859547685452,-0.029438527917882335,0.2987063056420504,-0.005469280169716555,-0.0017151284241087672,-0.0026083458950724027
76,1.0004487799153652,0.005846036319722784,1,1,0.9544700361433541,-0.03107117779901274,0.29581609700796807,-0.004406746037253236,-0.0035075213494512314,0.0006043426571932331
77,1.0004256045028097,0.005119470065486469,1,1,0.9548220787655379,-0.03270943471979062,0.29641338294255626,-0.004740978969741141,-0.000926289168553034,0.0009713805651706011
78,1.0003774734776336,0.0044814131447214285,1,1,0.9550893572347063,-0.03055057439638757,0.29653962162059844,-8.206989252295226e-05,-0.0019278096084671622,-0.00041448323065656394
79,1.000306603232773,0.003957376422302135,1,1,0.9514287786729149,-0.02917215459161129,0.2970564144567893,-0.00041395371117430337,-0.005418492777292865,0.00025291918352637416
80,1.0002152196660399,0.0035661610802291814,1,1,0.9535909873314039,-0.029554552471908413,0.29524775665648695,-0.00015339845628599356,-0.0014486253753477245,-0.0008151230803040475
81,1.000105593459305,0.0033204769768819596,1,1,0.9565120962363195,-0.029437037128213404,0.2958211501476281,-0.0014748482980006757,-0.0021170082767287754,-0.0013786475560627915
82,0.9999808341405706,0.00322819010402781,1,1,0.9566462769576195,-0.030244292956800107,0.2949165763850723,-0.0016095401705162752,-0.005392115588285346,-0.000770757806612067
83,0.9998460687472006,0.0032935754874034943,1,1,0.955878332690093,-0.031520330040441656,0.29359427316751585,0.00019534258777157378,-0.0037471286602447883,-2.601716999083011e-05
84,0.9997093756561284,0.0035178371806607123,1,1,0.9559342556685724,-0.030387805254997034,0.2940346741756196,0.001888364029485062,-0.009379604002167702,0.0008590609027346185
85,0.9995819240290995,0.0038983065855757526,1,1,0.9550491454604574,-0.029892185031440654,0.2929226556560745,0.001062817808205538,-0.0026866847945064,-0.0007596093507919732
86,0.9994770911367387,0.004426241965206191,1,1,0.9544405854298855,-0.028627655197570014,0.2940364271374319,0.0005847715889224082,-0.0011204197409686058,0.0009899746383595198
87,0.9994086787991113,0.005083912273340815,1,1,0.9551435788385881,-0.029025714432504506,0.29480768071369806,-0.0002243723931302822,-0.0010990059142574676,0.00011324220749043394
88,0.9993885860119984,0.005842262066101255,1,1,0.9544122962632535,-0.03011810579422851,0.29347305014099095,-0.0007508357239410402,-0.001149327453914613,-0.0014196713451029258
89,0.9994244028633706,0.006660474610832537,1,1,0.9546194194656665,-0.029840189340329868,0.29336161126598576,-0.005887658283596986,-0.004991761802250909,-0.004010103229696133
90,0.9995174183463833,0.007488078180454455,1,1,0.9542765245453033,-0.029926002516787637,0.29273687893901895,-0.005631152673667218,-0.0077121848858275706,-0.0009402525527877834
91,0.9996615104375051,0.008269269662081281,1,1,0.9547137456984847,-0.03117477911694415,0.2929770973603828,-0.004751649338672324,-0.007005184979270551,-0.0008546908500170396
92,0.9998432914559379,0.008948434598751219,1,1,0.9528202560870349,-0.031514194165845784,0.2921838673579989,-0.002631123152871142,-0.009367368772067074,-0.002366732889589249
93,1.000043678307877,0.009475711495546683,1,1,0.9568675543084596,-0.03221912452036824,0.29293922722900656,0.0033078305241898104,-0.008591005099836027,-0.002615926682952562
94,1.0002407369036677,0.009811734134434055,1,1,0.9563148716003494,-0.03344895618283896,0.2931063705461686,0.004647934055703052,-0.008676526858667839,0.0020390026657889867
95,1.0004132787994717,0.00993107379396329,1,1,0.9579137166094828,-0.031744531275896916,0.2931917061487721,0.005744220179745622,-0.008392611038293843,0.0008224537077689234
96,1.0005444212222763,0.009824206579968943,1,1,0.9559210842151742,-0.031720959730961555,0.293669938095468,0.0036208302344085323,-0.007782808836172014,0.0034278776775691837
97,1.0006243051271868,0.009498021768468567,1,1,0.9569412804512263,-0.029622576767362397,0.2929320730839108,0.006662774802284547,-0.007404045673680541,0.0006135229913748981
98,1.0006513976924816,0.008974990326711717,1,1,0.9585149056822603,-0.02716924522738401,0.2900321697435515,0.005723308884056849,-0.006802316549109528,-0.0018841079666413508
99,1.0006321493881367,0.008291159843759242,1,1,0.9564740396483375,-0.029757485956923693,0.2929513418260415,0.0037628641637121635,-0.008421124211825693,0.0017097453798165677
100,1.0005791106357096,0.0074931784896224134,1,1,0.9567049927852597,-0.03176326394705426,0.29202890352194244,0.004740766429301692,-0.004169195815342447,-0.0001677704429535893
101,1.0005079072298362,0.006634617809745375,1,1,0.9563736047614902,-0.03029862136902332,0.2934894485260425,0.006090331882156375,-0.001133919889900876,-0.002779441689952595
102,1.0004337227851852,0.005771949619542578,1,1,0.9534923070381977,-0.028579674992039495,0.29286755076452103,0.004146932424776114,0.0009980608970215933,0.00012467368711956882
103,1.0003680958603924,0.00496056227464299,1,1,0.9530962613231432,-0.031119381586801977,0.2947023446538478,0.002746395707194133,-0.0013981306431127137,0.0026448601460311973
104,1.000316821133461,0.004251107164794312,1,1,0.9561337653120424,-0.029283323822576063,0.2958419944067481,0.0050063156219416205,-0.0033654062492171725,-0.00036486466802322073
105,1.0002794787106144,0.003686262155194861,1,1,0.9549742442120506,-0.029986492742878713,0.29172892511666826,0.0022973492310633097,-0.004992845394025868,0.0009776932292012092
106,1.0002506566957285,0.0032978141801849182,1,1,0.9565621137079522,-0.030161680895331618,0.29320577934627806,0.0011578335210596076,-0.0036250386261483963,-0.0006981134969631872
107,1.0002224640821484,0.0031039757920133873,1,1,0.9568796092643084,-0.03172440724268585,0.29058204132458626,-0.0018254558099595859,-0.002899863582646743,0.0005773398411522014
108,1.0001876198204032,0.0031071236883340137,1,1,0.9569434712266451,-0.03349618450489898,0.2918323431934538,0.0006088171071151301,-0.00044492914806048504,0.00012444071432244998
109,1.0001422919727214,0.0032925277472365256,1,1,0.9581368676041302,-0.02982164471329912,0.291137794919212,0.0006262559402713597,-0.00011713288884535153,-8.132320187487998e-05
110,1.0000879272932823,0.0036288483455739627,1,1,0.9566046680607408,-0.030876318745712672,0.2938200496521625,-0.00016778024026805458,-0.001322921210184496,-0.000210145078569493
111,1.000031544067103,0.004071004593562674,1,1,0.9563249055563677,-0.0297171295269682,0.29163116655539645,-0.003167562773007517,0.0007781896965320487,-0.0007652783230846786
112,0.9999843338947357,0.004565447166956375,1,1,0.9570543664590457,-0.029338666620585964,0.28848789954346954,-0.008145310516210487,-0.0006415606332237959,-0.00177094893588883
113,0.9999588496258753,0.005057139246155901,1,1,0.9561460846676341,-0.02883201775050097,0.2929789697087316,-0.004846633365509986,-0.002326960391975114,-0.0025470071726876715
114,0.9999654326949511,0.005497026608955152,1,1,0.9556649993101681,-0.03316026145371793,0.2908702607634668,-0.003918901042044526,-0.0018040359725649427,-0.0012944366614013616
115,1.0000087775256443,0.005848704282152271,1,1,0.9530826058503166,-0.03241027106173304,0.29012718562378415,-0.0030850512559403845,-0.003840741890113498,-0.000510084061707218
116,1.0000856093599204,0.0060932594622771785,1,1,0.9533217459306277,-0.031041965154161466,0.2907144897244841,-0.003910595961181523,-0.007445823892875837,-0.001071277242839629
117,1.0001842988962861,0.006231575757171255,1,1,0.9557423813096204,-0.031192765737043642,0.2939711245358616,-0.002126642415990976,-0.007779588913118522,-0.0005729910206077964
118,1.000286778962341,0.0062835812950851515,1,1,0.9573418832993646,-0.03255757314941267,0.2920211667458229,-0.0039562806288981215,-0.007877049736672106,0.00023035523388226527
119,1.0003724469331159,0.006284177280344003,1,1,0.9539753044063702,-0.030711389523106453,0.291737985537096,-0.0027763781632471037,-0.008447543134634939,-0.002048836493484426
120,1.000423095141472,0.006276103673274062,1,1,0.9592935268879416,-0.03263660756119199,0.29258471183237345,-0.0014280537307623667,-0.005278668846309227,-0.0004271023331424774
121,1.0004275374598008,0.006300775829352709,1,1,0.9632411732190704,-0.03365454716484755,0.28770053319876326,0.0023426374113306803,-0.0011812748724844716,-0.0018176057084254844
122,1.0003845739553439,0.00638890962077458,1,1,0.9598698116722142,-0.03298183499548497,0.28880220680117186,-0.00032387607997505155,0.001016346463846265,0.0009491254455969253
123,1.0003033243977641,0.006553165143226369,1,1,0.9557218200950358,-0.0309505622405227,0.289303911055676,0.0004309276113371686,-0.0015656930895656027,0.0011958515018134172
124,1.0002007945228437,0.006784761662945429,1,1,0.9536612283043076,-0.03009141876222802,0.29167490308614896,0.0009237490478128666,-0.005084234035707705,0.003002370488513025
125,1.0000975500028795,0.007055014644009313,1,1,0.9528634231145305,-0.029504476778024754,0.2901756908984776,-0.00011094175721789308,-0.007059859668331653,0.0018316113063890868
126,1.000013031968659,0.007321359558237486,1,1,0.9528124963168083,-0.03122186005306849,0.2910408525890108,-0.0027763724430518617,-0.009016902017236834,0.002823992032487561
127,0.9999619832508829,0.00753619838116527,1,1,0.9579366369938881,-0.030522329290157968,0.2924444040946062,-0.0031137249216020443,-0.010576009646494196,-9.83372199044461e-05
128,0.999952750695854,0.007656274908657842,1,1,0.9575840086749245,-0.03241960573414997,0.29217754284894853,-0.0031271972345197734,-0.010673409490724803,-0.0034113454846198413
129,0.9999873352153276,0.0076504127760832815,1,1,0.9563516529225728,-0.028331204944737575,0.2925283523768964,-0.006278561373643425,-0.004440678997340481,-0.0013947143908991273
130,1.0000624727763778,0.007504208763956805,1,1,0.9568747429369937,-0.031894187094456766,0.2920469097002387,-0.004621893802565457,-0.00334413668051864,-0.000287780194416091
131,1.000170961355713,0.00722131450156345,1,1,0.9570741568760122,-0.03029481272601603,0.290117959015961,-0.004698696872909935,0.0006484720926973902,-0.003945580812795671
132,1.0003027530328479,0.0068218113775413425,1,1,0.9577127151635714,-0.02851340373664192,0.2908375787492005,-0.006880861554563075,0.0013762170932437232,-0.002986195464550846
133,1.0004457286608652,0.006338584404035195,1,1,0.9545968717674645,-0.030457214441569833,0.28824900478137594,-0.005516267151292399,0.002035440149449889,-0.0006409756711457536
134,1.0005863832396722,0.00581257722868926,1,1,0.9545842935065417,-0.032454278485855075,0.29115516681237336,-0.006399427243304682,0.0005553561495426757,-0.0011720213568387646
135,1.0007107691024606,0.005287640391164484,1,1,0.9576941540637297,-0.031319618345579454,0.2917258844160627,0.00012478789212730815,-0.0032800423580828797,-0.0009196916106312703
136,1.0008058957391823,0.0048055696443020275,1,1,0.9591577125687522,-0.030939415802963978,0.2897702848028086,0.004467143200539001,-0.0026222094520822214,-0.0006968960910217826
137,1.0008614360407877,0.0044018625458942294,1,1,0.9574935504865321,-0.03236577586389457,0.29026840690405226,0.0019704611398257657,-0.0005630869546502525,0.0016184343373944116
138,1.0008712895424416,0.004102601465180492,1,1,0.957414385949726,-0.031052747301277935,0.2905081008480616,0.0037520114241510723,0.002134751203028383,0.0016466121132254193
139,1.0008345163763464,0.003922661676610155,1,1,0.9596142590233654,-0.02992475221970333,0.2895717543936755,0.0024124298575052415,0.003847892452895466,0.0013423435346716888
140,1.0007553598573797,0.0038652031866349685,1,1,0.9563663424640568,-0.02755000980198772,0.2907927602807162,0.003136754678002998,0.0022391439069101436,-0.00233791362319081
141,1.0006423688627826,0.0039222414356431656,1,1,0.9563845994043753,-0.030193793452869013,0.29130419866282303,0.0025271397025538453,0.0004201023234603718,-0.0012269746571143447
142,1.0005069006020102,0.004076073298639123,1,1,0.9552209783185998,-0.03224328636360769,0.28876112412031735,0.0029822858637470855,-0.0036149121896204795,0.00199682594336315
143,1.0003614460839783,0.004301419165059225,1,1,0.9567093471409945,-0.033556968938486816,0.2906091174836024,0.00014006783797316854,-0.0013106185355450221,-2.2871785752989497e-05
144,1.000218189605115,0.004568205201434888,1,1,0.9582971885879638,-0.03068919796168296,0.2884774426552972,0.004931932814928504,0.001257224279928455,-0.002150555829058761
145,1.0000879989090987,0.004844851475842255,1,1,0.9565912593041829,-0.033524074701790064,0.2904019767233019,0.004484525648666345,0.0008404168686051639,0.0020921588850793776
146,0.999979795849969,0.005101752767443544,1,1,0.9558831956498828,-0.031535684286812304,0.2903846255967311,0.005701009323424733,-0.0019398050478569775,0.001754805034586505
147,0.9999001398446612,0.005314451796936684,1,1,0.9568646852430307,-0.02999848558805275,0.2926313766164895,0.006486333551431733,0.0020645897434564673,0.0012369312062718663
148,0.9998528914196833,0.005465962338222598,1,1,0.956125121580551,-0.030855738556686947,0.29079067921838686,0.0037475312344807,-0.00026736908056370235,0.0040647954358255045
149,0.9998389289347789,0.005547874627890385,1,1,0.9549539974989572,-0.03295690241960214,0.291211694694564,0.0024218031461452805,-0.003366261288395553,0.002696846575466263
150,0.9998559998048985,0.0055601972943736975,1,1,0.956135323051527,-0.029842092360269797,0.2904486435794913,0.0033544615413808065,-0.0026694800803879586,-0.004824509028797129
151,0.9998988580661838,0.0055102042488379965,1,1,0.9557517280530218,-0.03148325797142615,0.28986692018482324,0.0006559461826627496,-0.0017025796306765326,-0.0025229708626079107
152,0.9999598289450347,0.005410729827078656,1,1,0.9567381252255519,-0.03312936710520495,0.2914782533392706,0.00011542971400747068,-0.0031068382546874406,0.0004018610628626909
153,1.0000298397377827,0.005278327871024743,1,1,0.95535048324888,-0.03085831773887725,0.2892364356972789,-0.0021061151290657507,-0.008174358940378787,-0.0013629091685548266
154,1.0000998164804242,0.005131490841332791,1,1,0.956958229858943,-0.03173602397271976,0.28935361644302277,-0.0016636314263026248,-0.006299869912039014,-0.0019844124817290955
155,1.0001622186393495,0.004988854068803541,1,1,0.9583313746352106,-0.03111904120422096,0.2909410431092341,-0.00186756203562911,-0.004395939689780808,-0.0021045896066178094
156,1.000212388288822,0.0048672320009476985,1,1,0.9567205651012828,-0.03340517093953983,0.2892238813387956,0.0005253472257114744,-0.001169073163762036,-0.0004193426981186362
157,1.0002493627642193,0.0047795345413759955,1,1,0.9580160609045262,-0.033907218840306536,0.2893457658116223,-0.004598830531341244,-0.0029382856827301173,0.0027613847947084475
158,1.000275896527459,0.004732866348185891,1,1,0.9564669502897143,-0.0332449363273149,0.28880915541706864,-0.0012601606842728263,-0.005971102333676542,-0.00040751374400708047
159,1.0002976486009043,0.004727168951326115,1,1,0.9570772362592515,-0.03227920083280969,0.28953009843784416,-0.00014729253943462846,-0.004131365270819051,-0.0019229294261551213
160,1.0003217193677052,0.0047546750238906315,1,1,0.9560467949955009,-0.034136962658562336,0.2916645458811506,-3.3940776247693325e-05,-0.003181187377841569,-0.0010436616162168434
161,1.0003548707945074,0.004800406776996936,1,1,0.9564772253573772,-0.03243168134580277,0.2900641896568244,-0.0007621103851863477,-0.0020741142775461546,0.0006013099744411778
162,1.0004018129530798,0.0048439616078130125,1,1,0.9561478367206382,-0.03058916875580496,0.2922265997897559,0.0019566596192436675,-0.0026418850009486293,-0.0007975475834110211
163,1.000463912884076,0.0048626788206956135,1,1,0.9565909000426847,-0.02921187839115693,0.2895507455840273,-0.002433737449011211,-0.0040602830939712,-0.0022166461165183766
164,1.0005386071089426,0.004835863653735992,1,1,0.9553525460294661,-0.030660913024477262,0.2912288375304643,-0.00445498811492542,-0.005599509247412689,-0.0008592016770985785
165,1.0006196792872055,0.004749225448578368,1,1,0.9574214581676804,-0.03320089244467104,0.28842737268888297,-0.005296299937232293,-0.005104376979960693,-0.003075924722192652
166,1.0006983867954322,0.00459838926045695,1,1,0.9594332398142483,-0.03341314996294322,0.28894177132629567,-0.004205002098726893,-0.0002316247535172898,-0.0016440567374618861
167,1.0007652053379197,0.004390489159064027,1,1,0.956769240781296,-0.03329716149745727,0.28846864132792066,-0.003261967235657515,-0.00022851929901470045,-0.003696570737144967
168,1.000811793122296,0.004143390258334325,1,1,0.9568369767346873,-0.033552331979504954,0.2874282819430054,-0.003463296446938973,-0.002805080956864602,-0.001535605267689908
169,1.0008327243601465,0.0038827351526113307,1,1,0.9600401548004643,-0.03372870316347244,0.28960600388434354,-0.0027784858425070947,0.0018419504505697724,-0.0019800023325161303
170,1.0008265747804208,0.0036375141865083033,1,1,0.9592536989916309,-0.03422292772533951,0.2895101126861721,0.00029314848406840045,0.0014440665953867325,-0.00043675753115460014
171,1.0007960204875168,0.003435134679900858,1,1,0.9586772143845386,-0.03203861361760731,0.2876955659946668,0.0007410561176372422,0.0016157099057074625,-0.0014225963469105777
172,1.0007468047203567,0.00329701402328397,1,1,0.9572891214046535,-0.031010766338607904,0.2864040007190844,0.0007769736068314416,0.0031410389310654583,-0.0016843733902726094
173,1.0006857858339893,0.0032355460282949056,1,1,0.9565332108551762,-0.03371753000110814,0.2861573241035791,0.0008411701206819485,0.00044931953047337464,0.00018036905658257084
174,1.0006186586008805,0.003252939014475934,1,1,0.9570234552719439,-0.030699893776044686,0.2878748209768314,-0.000710009399234051,-0.0017450164332130334,-0.002826483744837679
175,1.0005480985129842,0.003342010186437288,1,1,0.9587515865513885,-0.02984537619445236,0.28613917886099627,0.00010364271181762482,-0.003511939748190032,-0.001066439807003041
176,1.0004729297856323,0.0034886381871565737,1,1,0.9563134113746857,-0.03143309491469905,0.2867248266996245,-0.00014209278217386975,-0.0039008148620022598,-0.0010070953808258133
177,1.0003885885135435,0.003675285479386046,1,1,0.9570880207747243,-0.031298182371108284,0.286475812777493,-0.001937335548251146,-0.0036060261524449556,-0.0022582465457551787
178,1.00028880652116,0.0038848673095578288,1,1,0.9583841041688477,-0.033122923448622145,0.28899633036497174,-0.0009166968370345115,-0.0024197573882513523,-0.002518494333665138
179,1.0001681416977681,0.004104289061820729,1,1,0.9575351216769845,-0.0340351603593788,0.2881163820227151,0.0008218804248191704,-0.0028977393298712977,-0.0029899636234721663
180,1.000024745011582,0.0043271348660815015,1,1,0.955962864764598,-0.032773839165275334,0.2891705276488239,0.0021754343846926007,-0.002309372884303661,-0.0024944816890099283
181,0.9998626313527438,0.004555160468977055,1,1,0.9570570045298855,-0.03171154666545938,0.2888850706625199,0.005113924960007458,0.003949762983350456,-0.0022986171958873495
182,0.999692732150979,0.004798371362995903,1,1,0.9634319072064664,-0.030927679387708677,0.2864679235851351,0.0033794119127701482,0.0035538866511400156,0.00016933912119048295
183,0.9995321427304865,0.005073601207448825,1,1,0.9597599811893196,-0.03152986408531369,0.28617952943211195,0.0004255245836243392,0.0051985622440569364,-0.0012423289938836835
184,0.9994013213751649,0.005401724138626619,1,1,0.9537937567297256,-0.029182378763344802,0.2868735426398651,0.0016476736416197798,0.006874007914179015,-0.002232047056725379
185,0.9993196538620782,0.005803939900145109,1,1,0.9524863635473522,-0.03031823668444237,0.2894550819758674,0.0019276879559892198,-0.00011841557549093164,-0.0007056964635074672
186,0.9993005697662996,0.0062978672303433325,1,1,0.9519572352287308,-0.029282349147957066,0.2887784865237339,-0.0006363543626932054,-0.0008805977344799142,-0.003485049331106073
187,0.9993477733114247,0.00689431081006084,1,1,0.9554014362819988,-0.02877830387965372,0.29000441088581896,-0.0006416809327994816,-0.004806288211660976,-0.0033473611161895884
188,0.999453790282287,0.007595368873872462,1,1,0.9580549836713156,-0.029838241656697878,0.2900625066592073,-0.0028291081538624526,-0.007286692366671421,-0.003311917440519269
189,0.9996011370973131,0.008394017285344491,1,1,0.9561321268267202,-0.030343207131889673,0.28975605398889387,-0.002066322907044872,-0.012829285292470925,0.0010836331544466543
190,0.9997655381000887,0.009274728659005159,1,1,0.9577795141886375,-0.03190352831623248,0.28872296351473803,-0.0018508309284998058,-0.010186137633904224,-0.0016601194367140088
191,0.9999201658563062,0.010214474326588707,1,1,0.958675117346521,-0.03320385190825918,0.2888742781000442,-0.0029425424920265643,-0.006370452335180236,-0.0013627652722496726
192,1.0000398967639348,0.01118376081854648,1,1,0.9561851084137158,-0.03194015455078328,0.29043160060968115,0.001109213629545336,-0.01053755078654473,-0.00035878748432167413
193,1.0001048712553675,0.012147879268906562,1,1,0.9567218679578946,-0.030502028651254103,0.28887000866753054,0.002382568299228782,-0.012689523570180572,-0.00144950210460876
194,1.000103031273728,0.013068856150425199,1,1,0.9578419948830059,-0.02939762024132411,0.28786798668143837,-8.571378043484647e-05,-0.011478894054250061,-0.0029206914141809747
195,1.000031641000203,0.013908538149473152,1,1,0.9556744878401928,-0.028985385931857965,0.2878104504636834,-0.0041097045244920406,-0.010032629763282803,-0.003986894740206052
196,0.999897985807223,0.014632984536869967,1,1,0.9553537578508199,-0.029231390251648146,0.28640703029273545,-0.0062180864432979325,-0.01040326491289757,-0.004673042655434516
197,0.9997194441094269,0.01521800414640597,1,1,0.9575911362931524,-0.031282503963216156,0.2873836510316969,-0.004858732403807891,-0.014946677083239629,-0.003662501118644564
198,0.9995229389926004,0.015655248544130813,1,1,0.9599150429619389,-0.033551565107573955,0.288197891873172,-0.003959703926334158,-0.021254468908037703,0.0002628664997220435
199,0.9993434938370261,0.015957857715263396,1,1,0.9590423821319224,-0.0315833374643637,0.2867178752706494,-0.004490149939211882,-0.0145567618942887,0.001306370897253363
200,0.9992214706558021,0.016164542634721793,1,1,0.9560759038813562,-0.03258214663677933,0.28546360541897553,-0.006726318814648849,-0.012528227765923747,-9.718546027253626e-05
201,0.9991982751482741,0.016341330036952536,1,1,0.9563853677459061,-0.033505123503630184,0.28450894992813036,-0.008966218262433849,-0.010113979488789207,-0.00044859917261598763
202,0.9993108013675348,0.016580702981718612,1,1,0.9589430843133843,-0.03308922326033162,0.2827401915809454,-0.011977984157801621,-0.013172791124693401,0.00020478846323260775
203,0.999585353525343,0.016998084422539028,1,1,0.9590282332482316,-0.030125017429571795,0.2812771943442469,-0.012043812274087854,-0.014208386026114054,0.004767126458857825
204,1.000032014342061,0.017725424718481472,1,1,0.9590981448434787,-0.04159387974541824,0.2726392207157392,-0.008458697264406546,-0.0157483484971751,0.0015353075841459671
205,1.0006404691660271,0.018901402817684293,1,1,0.9608933357500992,-0.03757082178620652,0.26743853379727683,-0.0021216423161468413,-0.01896666585166892,0.0011384431978410014
206,1.001378222671505,0.02065778126611916,1,1,0.9659210376260259,-0.03381045927304546,0.2700225737711486,0.0009944553592113198,-0.030536462823165893,0.006792782547983869
207,1.0021919271294468,0.02310187490136738,1,1,0.9620135868420175,-0.03756161164139288,0.26742214896843125,0.005572834524073707,-0.02818204697133421,0.0073567840185428356
208,1.0030121599917086,0.026295986710987627,1,1,0.9615367522206592,-0.03535641199415313,0.2666116082481466,0.009763129303770886,-0.020612358202738927,0.006110602823890819
209,1.0037614990907844,0.030236146664338725,1,1,0.9629103181148726,-0.037799978479128436,0.2729849336832865,0.014055210604551675,-0.010402631881903797,0.01157097012432028
210,1.0043651161840796,0.03483422944810184,1,1,0.9660146377959439,-0.03896408117213009,0.27450827007392203,0.021183632801730176,-0.011929055867690148,0.012612851230966657
211,1.0047622615921092,0.03990855181941204,1,1,0.9695641910962985,-0.03814848693969339,0.27839671894689094,0.02832402606297264,-0.004081357621361841,0.00511699646951752
212,1.0049161330793346,0.04518745087413354,1,1,0.9814777249195376,-0.03595771872347731,0.2749154936852422,0.037928303202842836,0.005005760943122934,-0.00486970222720559
213,1.0048193007287192,0.05032805835287157,1,1,0.9744589255095418,-0.035564437860880864,0.2713526057410137,0.0500761372663654,0.0024595009732840778,-0.0023717589251677244
214,1.0044927458626929,0.05494925077352396,1,1,0.9573491643134472,-0.04241273122610414,0.2702670547976213,0.054852028993678796,0.008705144128238237,-0.0024267360423889913
215,1.0039787255207204,0.05867457301567527,1,1,0.9550547557241099,-0.03303200179078215,0.274032519161726,0.061224609464790726,0.01634254508187444,-0.002768958111827601
216,1.0033301076249628,0.06117865655081088,1,1,0.9597722355046918,-0.0294172309578762,0.27392280198928487,0.06407978812400504,0.028597116920022123,0.0037253242432435775
217,1.00260001227475,0.06222976683243042,1,1,0.9642979813810061,-0.03051323485927545,0.2723816623047988,0.059994925309668254,0.029544511454119845,0.007919257786738979
218,1.0018348308551817,0.06172168649271327,1,1,0.9617035642509754,-0.030484974839037515,0.27790086316690504,0.06449914792119232,0.02255341866400424,0.0048057774178306145
219,1.001071722781637,0.05968991613182161,1,1,0.9624965243256215,-0.03654874431353516,0.2819693811904163,0.06048661040505852,0.021928915102550628,0.0030340483912635716
220,1.0003398426826933,0.056309684269765355,1,1,0.9614417741722633,-0.034409767239171794,0.2796410894630665,0.058402002189525314,0.016689372947453103,0.004733289999213214
221,0.9996635883955375,0.05187598983419811,1,1,0.9604534198870389,-0.026558767430235778,0.27795814401582764,0.054201032731333434,0.014676298725706846,-0.0006000167606413658
222,0.9990660572526332,0.04676849715535419,1,1,0.9603708677473045,-0.02168334762107228,0.28097427525740276,0.04092661942624625,0.02066917175676532,-0.0031513207383137157
223,0.9985712970903959,0.04140637214438708,1,1,0.9610493565566919,-0.023871665234800468,0.2802021493142012,0.026878915455184758,0.019033356845538023,-0.001154522240453736
224,0.9982045357038496,0.03619984196254626,1,1,0.9584764823840688,-0.03274797237822155,0.2831414550190476,0.019561032964829334,0.015582989016079386,-0.005536856409952779
225,0.9979902414776872,0.03150591433826438,1,1,0.953014037427535,-0.03781696025211989,0.27884892187270616,0.012773906036423775,0.014258311475103279,-0.00995777902434074
226,0.9979485487718749,0.02759482240827844,1,1,0.9555381145743235,-0.0358268027394915,0.2787882716950384,0.009903203059504592,0.01772610840464823,-0.012085174966828876
227,0.998091090584041,0.024631345102304233,1,1,0.9597055135807021,-0.03395561310549836,0.28035247585063533,0.014688476816461677,0.01631942166006206,-0.011530679820672594
228,0.9984173829857838,0.022671883492632796,1,1,0.9569449127982647,-0.03103247697976673,0.2821705415849732,0.013121850899863048,0.016459809234247703,-0.005266689379688657
229,0.9989126257202663,0.021675113130165492,1,1,0.9531013723559056,-0.03169503011156198,0.2825826860445274,0.012914154480813733,0.023108672597934986,-0.009111824425635257
230,0.9995474059736814,0.021522002477947434,1,1,0.9586291440476337,-0.026381874953314337,0.2814622670721229,0.011324623149584934,0.0254808956114217,-0.009441111081165318
231,1.0002794664327264,0.022040299903145405,1,1,0.9595651836825375,-0.028405163485289597,0.2809108354244529,0.007465026741541336,0.022226210076474254,-0.009772051720119941
232,1.0010573161293348,0.02302919310389039,1,1,0.9610235354953514,-0.02702729226245249,0.2834684968328905,0.0022011543697829142,0.01807819263394905,-0.014293267767363246
233,1.001825000747038,0.02428139987522963,1,1,0.9639377814193272,-0.024091287448528773,0.28549253975316996,0.0005479915646424597,0.01690976632325796,-0.013392077363920082
234,1.0025270432282192,0.02560177601669116,1,1,0.9605257310053,-0.02498658897726043,0.2880101500788481,-0.006084266934568891,0.013008752378859024,-0.012650778213694154
235,1.00311265853908,0.026822794861583208,1,1,0.9601448360658291,-0.025087587246396627,0.2897676512391365,-0.01286082139140347,0.014680018628929163,-0.012036483982612553
236,1.003538827161143,0.02781744112584085,1,1,0.9575442822796549,-0.028807238129268213,0.2864107827981558,-0.013660344590254876,0.0215623530998767,-0.01701540051451716
237,1.0037723947626311,0.028509249565299075,1,1,0.9574300709444477,-0.02858758517658574,0.29000625633177807,-0.01394004074133513,0.019529709044599886,-0.02127365911219
238,1.0037916622933154,0.028878048404548468,1,1,0.9621256503662942,-0.02867830472788189,0.29341014334294807,-0.014175256123625185,0.025821675603072216,-0.021448566560943245
239,1.0035877423880033,0.02895930470718422,1,1,0.9655405425590055,-0.026902281570297597,0.2911293873485993,-0.009746797765868995,0.03019659181941952,-0.018161340638710458
240,1.0031655054963122,0.028835416666884817,1,1,0.9584090660725131,-0.02905670514011341,0.29309895595083735,-0.005186195721189677,0.028636221562824114,-0.01514930383858939
241,1.002543723662777,0.02861889641869325,1,1,0.9555104121826956,-0.030013777546092663,0.2914758322966771,-0.00011361606886330372,0.024799314621723963,-0.009473284211042743
242,1.001754298756604,0.028429640764396028,1,1,0.9546080873283546,-0.0288450980995889,0.2963948610109348,0.007190937397997186,0.01829808125932143,-0.010929508162843243
243,1.0008409206954776,0.028370564506742347,1,1,0.9537158167844951,-0.02382294456219907,0.29585800308839194,0.009519190156154957,0.017484578901069754,-0.00925996967251383
244,0.9998576065548913,0.02850693126712786,1,1,0.9550312933998644,-0.021344436397835096,0.29707316599936573,0.009791075471182648,0.017006025522949695,0.0027490189261696286
245,0.9988671650948958,0.02885430745649902,1,1,0.9558227435573627,-0.024925252893358056,0.2982565285134748,0.014077939110931094,0.017077071323927228,0.004746367485551234
246,0.9979390298898898,0.02937829906703605,1,1,0.9536871906705627,-0.02410002925821363,0.297025479801909,0.02096229574626309,0.016105597694881655,-0.0007859030014578626
247,0.9971455403658023,0.03000663048555466,1,1,0.9536392347581897,-0.021343068387577678,0.29816197143357903,0.024874582849782074,0.0190462745676487,-0.0010174534244573187
248,0.9965558502581847,0.03065138991652855,1,1,0.9535854868521197,-0.01818045933851864,0.2969604499387849,0.025059645001336263,0.027143036556615173,-0.004601264281210897
249,0.9962271653299891,0.031237121255508916,1,1,0.9500303992488122,-0.013937951041600538,0.30130003292611246,0.018311818300974995,0.027471069173834507,-0.005355538380382094
250,0.9961937667284457,0.03172943758152493,1,1,0.9486729022665708,-0.01671947937151452,0.29994878804195974,0.012904044829475938,0.03302033422718729,-0.006864109701754578
251,0.9964550504824167,0.03215908933994349,1,1,0.9481975879736365,-0.01929182740953545,0.30144500221990134,0.007249752715570271,0.03236813089796005,-0.009839511345927678
252,0.99696440557224,0.03263758625172762,1,1,0.9511384086826495,-0.02121609997911777,0.3008314098007284,0.010376206196178465,0.030348399012783772,-0.018209906673625903
253,0.9976210270290059,0.03336202034091479,1,1,0.9526383272575271,-0.02383320800875593,0.30208112295360073,0.013769318993316544,0.031191189237843413,-0.01684074412347548
254,0.9982667698044111,0.03460834624556514,1,1,0.9523484148209749,-0.023343629444573584,0.29710963077747554,0.015091379578454247,0.0318328692399019,-0.01122161654903396
255,0.9986901047656331,0.036713990001795586,1,1,0.9425226460390739,-0.02451207270022329,0.29667515409953876,0.014149731283730605,0.035186043087830014,-0.007062632933626248
256,0.9986391809414875,0.040052269951310844,1,1,0.9376982221834989,-0.012570311300085124,0.29216866936923774,0.0035003977214933877,0.035400161498020055,-0.008546563013052804
257,0.9978454789781974,0.04500251221378676,1,1,0.953858289819701,0.01476379902106367,0.28611116924548907,-0.009104684564934667,0.012189018778829299,0.005063519187586197
258,0.9960579047829115,0.051920372016636705,1,1,0.9675251089496322,-0.00926769416162562,0.29744473160471996,0.00226108382365903,0.06443045751653623,0.01170911126853284
259,0.993084499913561,0.06111207287532393,1,1,0.9410746731146465,-0.047320852154058415,0.2975107478884491,-0.007166423196329771,0.07104191055883045,-0.008199534940587323
